Location_ID,Disease,Year,Month,Cases,Monthly_Inc_per100k
1,ZIKV,2016,1,89.0,3.15
1,ZIKV,2016,2,226.0,8.0
1,ZIKV,2016,3,236.0,8.36
1,ZIKV,2016,4,244.0,8.64
1,ZIKV,2016,5,107.0,3.79
1,ZIKV,2016,6,37.0,1.31
1,ZIKV,2016,7,27.0,0.96
1,ZIKV,2016,8,20.0,0.71
1,ZIKV,2016,9,8.0,0.28
1,ZIKV,2016,10,16.0,0.57
1,ZIKV,2016,11,21.0,0.74
1,ZIKV,2016,12,19.0,0.67
1,ZIKV,2017,1,32.0,1.12
1,ZIKV,2017,2,23.0,0.81
1,ZIKV,2017,3,23.0,0.81
1,ZIKV,2017,4,28.0,0.98
1,ZIKV,2017,5,50.0,1.75
1,ZIKV,2017,6,38.0,1.33
1,ZIKV,2017,7,23.0,0.81
1,ZIKV,2017,8,13.0,0.46
1,ZIKV,2017,9,8.0,0.28
1,ZIKV,2017,10,18.0,0.63
1,ZIKV,2017,11,19.0,0.67
1,ZIKV,2017,12,9.0,0.32
1,ZIKV,2018,1,19.0,0.66
1,ZIKV,2018,2,16.0,0.56
1,ZIKV,2018,3,14.0,0.49
1,ZIKV,2018,4,17.0,0.59
1,ZIKV,2018,5,23.0,0.8
1,ZIKV,2018,6,16.0,0.56
1,ZIKV,2018,7,9.0,0.31
1,ZIKV,2018,8,11.0,0.38
1,ZIKV,2018,9,12.0,0.42
1,ZIKV,2018,10,9.0,0.31
1,ZIKV,2018,11,12.0,0.42
1,ZIKV,2018,12,14.0,0.49
1,ZIKV,2019,1,7.0,0.24
1,ZIKV,2019,2,44.0,1.52
1,ZIKV,2019,3,72.0,2.48
1,ZIKV,2019,4,61.0,2.1
1,ZIKV,2019,5,84.0,2.9
1,ZIKV,2019,6,61.0,2.1
1,ZIKV,2019,7,32.0,1.1
1,ZIKV,2019,8,12.0,0.41
1,ZIKV,2019,9,19.0,0.66
1,ZIKV,2019,10,14.0,0.48
1,ZIKV,2019,11,6.0,0.21
1,ZIKV,2019,12,19.0,0.66
1,ZIKV,2020,1,259.0,8.87
1,ZIKV,2020,2,316.0,10.82
1,ZIKV,2020,3,402.0,13.76
1,ZIKV,2020,4,368.0,12.6
1,ZIKV,2020,5,426.0,14.58
1,ZIKV,2020,6,313.0,10.71
1,ZIKV,2020,7,219.0,7.5
1,ZIKV,2020,8,99.0,3.39
1,ZIKV,2020,9,70.0,2.4
1,ZIKV,2020,10,5.0,0.17
1,ZIKV,2020,11,5.0,0.17
1,ZIKV,2020,12,4.0,0.14
1,ZIKV,2021,1,3.0,0.1
1,ZIKV,2021,2,3.0,0.1
1,ZIKV,2021,3,9.0,0.31
1,ZIKV,2021,4,7.0,0.24
1,ZIKV,2021,5,9.0,0.31
1,ZIKV,2021,6,17.0,0.58
1,ZIKV,2021,7,6.0,0.2
1,ZIKV,2021,8,6.0,0.2
1,ZIKV,2021,9,3.0,0.1
1,ZIKV,2021,10,1.0,0.03
1,ZIKV,2021,11,5.0,0.17
1,ZIKV,2021,12,13.0,0.44
1,ZIKV,2022,1,6.0,0.2
1,ZIKV,2022,2,19.0,0.64
1,ZIKV,2022,3,14.0,0.47
1,ZIKV,2022,4,19.0,0.64
1,ZIKV,2022,5,15.0,0.51
1,ZIKV,2022,6,12.0,0.41
1,ZIKV,2022,7,1.0,0.03
1,ZIKV,2022,8,6.0,0.2
1,ZIKV,2022,9,8.0,0.27
1,ZIKV,2022,10,4.0,0.14
1,ZIKV,2022,11,4.0,0.14
1,ZIKV,2022,12,2.0,0.07
1,ZIKV,2023,1,2.0,0.07
1,ZIKV,2023,2,10.0,0.34
1,ZIKV,2023,3,12.0,0.4
1,ZIKV,2023,4,11.0,0.37
1,ZIKV,2023,5,6.0,0.2
1,ZIKV,2023,6,3.0,0.1
1,ZIKV,2023,7,6.0,0.2
1,ZIKV,2023,8,4.0,0.13
1,ZIKV,2023,9,3.0,0.1
1,ZIKV,2023,10,2.0,0.07
1,ZIKV,2023,11,7.0,0.24
1,ZIKV,2023,12,11.0,0.37
1,ZIKV,2024,1,22.0,0.74
1,ZIKV,2024,2,49.0,1.64
1,ZIKV,2024,3,30.0,1.01
1,ZIKV,2024,4,13.0,0.44
1,ZIKV,2024,5,9.0,0.3
1,ZIKV,2024,6,1.0,0.03
1,ZIKV,2024,7,3.0,0.1
1,ZIKV,2024,8,1.0,0.03
1,ZIKV,2024,9,,
1,ZIKV,2024,10,4.0,0.13
1,ZIKV,2024,11,6.0,0.2
1,ZIKV,2024,12,2.0,0.07
1,ZIKV,2025,1,8.0,0.27
1,ZIKV,2025,2,4.0,0.13
1,ZIKV,2025,3,5.0,0.17
1,ZIKV,2025,4,4.0,0.13
1,ZIKV,2025,5,1.0,0.03
1,ZIKV,2025,6,1.0,0.03
1,ZIKV,2025,7,,
1,ZIKV,2025,8,2.0,0.07
1,ZIKV,2025,9,,
1,ZIKV,2025,10,5.0,0.17
1,ZIKV,2025,11,4.0,0.13
1,ZIKV,2025,12,3.0,0.1
2,ZIKV,2016,1,192.0,2.86
2,ZIKV,2016,2,1169.0,17.39
2,ZIKV,2016,3,3642.0,54.19
2,ZIKV,2016,4,3338.0,49.67
2,ZIKV,2016,5,1692.0,25.18
2,ZIKV,2016,6,578.0,8.6
2,ZIKV,2016,7,177.0,2.63
2,ZIKV,2016,8,110.0,1.64
2,ZIKV,2016,9,70.0,1.04
2,ZIKV,2016,10,55.0,0.82
2,ZIKV,2016,11,108.0,1.61
2,ZIKV,2016,12,159.0,2.37
2,ZIKV,2017,1,523.0,7.68
2,ZIKV,2017,2,630.0,9.26
2,ZIKV,2017,3,714.0,10.49
2,ZIKV,2017,4,653.0,9.6
2,ZIKV,2017,5,948.0,13.93
2,ZIKV,2017,6,667.0,9.8
2,ZIKV,2017,7,252.0,3.7
2,ZIKV,2017,8,112.0,1.65
2,ZIKV,2017,9,68.0,1.0
2,ZIKV,2017,10,82.0,1.2
2,ZIKV,2017,11,118.0,1.73
2,ZIKV,2017,12,115.0,1.69
2,ZIKV,2018,1,254.0,3.69
2,ZIKV,2018,2,329.0,4.78
2,ZIKV,2018,3,343.0,4.98
2,ZIKV,2018,4,282.0,4.09
2,ZIKV,2018,5,336.0,4.88
2,ZIKV,2018,6,176.0,2.56
2,ZIKV,2018,7,87.0,1.26
2,ZIKV,2018,8,63.0,0.91
2,ZIKV,2018,9,33.0,0.48
2,ZIKV,2018,10,46.0,0.67
2,ZIKV,2018,11,39.0,0.57
2,ZIKV,2018,12,83.0,1.2
2,ZIKV,2019,1,119.0,1.71
2,ZIKV,2019,2,143.0,2.05
2,ZIKV,2019,3,132.0,1.89
2,ZIKV,2019,4,203.0,2.91
2,ZIKV,2019,5,187.0,2.68
2,ZIKV,2019,6,116.0,1.66
2,ZIKV,2019,7,67.0,0.96
2,ZIKV,2019,8,23.0,0.33
2,ZIKV,2019,9,14.0,0.2
2,ZIKV,2019,10,26.0,0.37
2,ZIKV,2019,11,11.0,0.16
2,ZIKV,2019,12,17.0,0.24
2,ZIKV,2020,1,27.0,0.38
2,ZIKV,2020,2,23.0,0.33
2,ZIKV,2020,3,35.0,0.5
2,ZIKV,2020,4,20.0,0.28
2,ZIKV,2020,5,26.0,0.37
2,ZIKV,2020,6,13.0,0.18
2,ZIKV,2020,7,5.0,0.07
2,ZIKV,2020,8,7.0,0.1
2,ZIKV,2020,9,1.0,0.01
2,ZIKV,2020,10,1.0,0.01
2,ZIKV,2020,11,5.0,0.07
2,ZIKV,2020,12,4.0,0.06
2,ZIKV,2021,1,4.0,0.06
2,ZIKV,2021,2,11.0,0.15
2,ZIKV,2021,3,12.0,0.17
2,ZIKV,2021,4,6.0,0.08
2,ZIKV,2021,5,10.0,0.14
2,ZIKV,2021,6,17.0,0.24
2,ZIKV,2021,7,7.0,0.1
2,ZIKV,2021,8,5.0,0.07
2,ZIKV,2021,9,6.0,0.08
2,ZIKV,2021,10,6.0,0.08
2,ZIKV,2021,11,9.0,0.13
2,ZIKV,2021,12,53.0,0.74
2,ZIKV,2022,1,39.0,0.54
2,ZIKV,2022,2,41.0,0.57
2,ZIKV,2022,3,45.0,0.62
2,ZIKV,2022,4,29.0,0.4
2,ZIKV,2022,5,45.0,0.62
2,ZIKV,2022,6,23.0,0.32
2,ZIKV,2022,7,27.0,0.37
2,ZIKV,2022,8,10.0,0.14
2,ZIKV,2022,9,4.0,0.06
2,ZIKV,2022,10,7.0,0.1
2,ZIKV,2022,11,11.0,0.15
2,ZIKV,2022,12,9.0,0.12
2,ZIKV,2023,1,12.0,0.16
2,ZIKV,2023,2,24.0,0.33
2,ZIKV,2023,3,39.0,0.54
2,ZIKV,2023,4,18.0,0.25
2,ZIKV,2023,5,32.0,0.44
2,ZIKV,2023,6,17.0,0.23
2,ZIKV,2023,7,17.0,0.23
2,ZIKV,2023,8,30.0,0.41
2,ZIKV,2023,9,17.0,0.23
2,ZIKV,2023,10,20.0,0.27
2,ZIKV,2023,11,16.0,0.22
2,ZIKV,2023,12,203.0,2.79
2,ZIKV,2024,1,864.0,11.75
2,ZIKV,2024,2,557.0,7.58
2,ZIKV,2024,3,521.0,7.09
2,ZIKV,2024,4,638.0,8.68
2,ZIKV,2024,5,390.0,5.31
2,ZIKV,2024,6,160.0,2.18
2,ZIKV,2024,7,71.0,0.97
2,ZIKV,2024,8,44.0,0.6
2,ZIKV,2024,9,40.0,0.54
2,ZIKV,2024,10,24.0,0.33
2,ZIKV,2024,11,47.0,0.64
2,ZIKV,2024,12,60.0,0.82
2,ZIKV,2025,1,94.0,1.27
2,ZIKV,2025,2,29.0,0.39
2,ZIKV,2025,3,35.0,0.47
2,ZIKV,2025,4,15.0,0.2
2,ZIKV,2025,5,20.0,0.27
2,ZIKV,2025,6,18.0,0.24
2,ZIKV,2025,7,6.0,0.08
2,ZIKV,2025,8,17.0,0.23
2,ZIKV,2025,9,22.0,0.3
2,ZIKV,2025,10,12.0,0.16
2,ZIKV,2025,11,19.0,0.26
2,ZIKV,2025,12,15.0,0.2
3,ZIKV,2016,1,8087.0,239.25
3,ZIKV,2016,2,10658.0,315.32
3,ZIKV,2016,3,5515.0,163.16
3,ZIKV,2016,4,1259.0,37.25
3,ZIKV,2016,5,364.0,10.77
3,ZIKV,2016,6,141.0,4.17
3,ZIKV,2016,7,105.0,3.11
3,ZIKV,2016,8,88.0,2.6
3,ZIKV,2016,9,38.0,1.12
3,ZIKV,2016,10,51.0,1.51
3,ZIKV,2016,11,76.0,2.25
3,ZIKV,2016,12,127.0,3.76
3,ZIKV,2017,1,248.0,7.22
3,ZIKV,2017,2,389.0,11.33
3,ZIKV,2017,3,707.0,20.59
3,ZIKV,2017,4,466.0,13.57
3,ZIKV,2017,5,314.0,9.15
3,ZIKV,2017,6,132.0,3.84
3,ZIKV,2017,7,88.0,2.56
3,ZIKV,2017,8,62.0,1.81
3,ZIKV,2017,9,43.0,1.25
3,ZIKV,2017,10,35.0,1.02
3,ZIKV,2017,11,51.0,1.49
3,ZIKV,2017,12,86.0,2.5
3,ZIKV,2018,1,191.0,5.47
3,ZIKV,2018,2,186.0,5.33
3,ZIKV,2018,3,182.0,5.21
3,ZIKV,2018,4,189.0,5.41
3,ZIKV,2018,5,182.0,5.21
3,ZIKV,2018,6,47.0,1.35
3,ZIKV,2018,7,35.0,1.0
3,ZIKV,2018,8,25.0,0.72
3,ZIKV,2018,9,10.0,0.29
3,ZIKV,2018,10,21.0,0.6
3,ZIKV,2018,11,8.0,0.23
3,ZIKV,2018,12,23.0,0.66
3,ZIKV,2019,1,29.0,0.82
3,ZIKV,2019,2,42.0,1.18
3,ZIKV,2019,3,44.0,1.24
3,ZIKV,2019,4,44.0,1.24
3,ZIKV,2019,5,67.0,1.89
3,ZIKV,2019,6,45.0,1.27
3,ZIKV,2019,7,48.0,1.35
3,ZIKV,2019,8,22.0,0.62
3,ZIKV,2019,9,11.0,0.31
3,ZIKV,2019,10,16.0,0.45
3,ZIKV,2019,11,16.0,0.45
3,ZIKV,2019,12,42.0,1.18
3,ZIKV,2020,1,124.0,3.43
3,ZIKV,2020,2,181.0,5.01
3,ZIKV,2020,3,129.0,3.57
3,ZIKV,2020,4,96.0,2.66
3,ZIKV,2020,5,94.0,2.6
3,ZIKV,2020,6,55.0,1.52
3,ZIKV,2020,7,39.0,1.08
3,ZIKV,2020,8,24.0,0.66
3,ZIKV,2020,9,10.0,0.28
3,ZIKV,2020,10,7.0,0.19
3,ZIKV,2020,11,21.0,0.58
3,ZIKV,2020,12,16.0,0.44
3,ZIKV,2021,1,30.0,0.82
3,ZIKV,2021,2,35.0,0.95
3,ZIKV,2021,3,43.0,1.17
3,ZIKV,2021,4,47.0,1.28
3,ZIKV,2021,5,44.0,1.2
3,ZIKV,2021,6,47.0,1.28
3,ZIKV,2021,7,28.0,0.76
3,ZIKV,2021,8,37.0,1.01
3,ZIKV,2021,9,18.0,0.49
3,ZIKV,2021,10,11.0,0.3
3,ZIKV,2021,11,21.0,0.57
3,ZIKV,2021,12,35.0,0.95
3,ZIKV,2022,1,16.0,0.43
3,ZIKV,2022,2,20.0,0.54
3,ZIKV,2022,3,32.0,0.86
3,ZIKV,2022,4,81.0,2.18
3,ZIKV,2022,5,108.0,2.9
3,ZIKV,2022,6,38.0,1.02
3,ZIKV,2022,7,25.0,0.67
3,ZIKV,2022,8,36.0,0.97
3,ZIKV,2022,9,6.0,0.16
3,ZIKV,2022,10,10.0,0.27
3,ZIKV,2022,11,23.0,0.62
3,ZIKV,2022,12,5.0,0.13
3,ZIKV,2023,1,17.0,0.45
3,ZIKV,2023,2,59.0,1.56
3,ZIKV,2023,3,218.0,5.77
3,ZIKV,2023,4,140.0,3.71
3,ZIKV,2023,5,159.0,4.21
3,ZIKV,2023,6,29.0,0.77
3,ZIKV,2023,7,20.0,0.53
3,ZIKV,2023,8,9.0,0.24
3,ZIKV,2023,9,16.0,0.42
3,ZIKV,2023,10,15.0,0.4
3,ZIKV,2023,11,12.0,0.32
3,ZIKV,2023,12,32.0,0.85
3,ZIKV,2024,1,83.0,2.16
3,ZIKV,2024,2,102.0,2.66
3,ZIKV,2024,3,221.0,5.76
3,ZIKV,2024,4,487.0,12.69
3,ZIKV,2024,5,509.0,13.27
3,ZIKV,2024,6,293.0,7.64
3,ZIKV,2024,7,108.0,2.82
3,ZIKV,2024,8,59.0,1.54
3,ZIKV,2024,9,29.0,0.76
3,ZIKV,2024,10,29.0,0.76
3,ZIKV,2024,11,117.0,3.05
3,ZIKV,2024,12,504.0,13.14
3,ZIKV,2025,1,432.0,11.09
3,ZIKV,2025,2,514.0,13.2
3,ZIKV,2025,3,494.0,12.69
3,ZIKV,2025,4,592.0,15.2
3,ZIKV,2025,5,471.0,12.1
3,ZIKV,2025,6,272.0,6.99
3,ZIKV,2025,7,121.0,3.11
3,ZIKV,2025,8,91.0,2.34
3,ZIKV,2025,9,72.0,1.85
3,ZIKV,2025,10,86.0,2.21
3,ZIKV,2025,11,68.0,1.75
3,ZIKV,2025,12,69.0,1.77
4,ZIKV,2016,1,887.0,33.04
4,ZIKV,2016,2,1133.0,42.2
4,ZIKV,2016,3,1010.0,37.62
4,ZIKV,2016,4,479.0,17.84
4,ZIKV,2016,5,170.0,6.33
4,ZIKV,2016,6,47.0,1.75
4,ZIKV,2016,7,32.0,1.19
4,ZIKV,2016,8,32.0,1.19
4,ZIKV,2016,9,29.0,1.08
4,ZIKV,2016,10,32.0,1.19
4,ZIKV,2016,11,6.0,0.22
4,ZIKV,2016,12,17.0,0.63
4,ZIKV,2017,1,30.0,1.1
4,ZIKV,2017,2,35.0,1.29
4,ZIKV,2017,3,49.0,1.8
4,ZIKV,2017,4,39.0,1.44
4,ZIKV,2017,5,36.0,1.33
4,ZIKV,2017,6,27.0,0.99
4,ZIKV,2017,7,25.0,0.92
4,ZIKV,2017,8,28.0,1.03
4,ZIKV,2017,9,34.0,1.25
4,ZIKV,2017,10,33.0,1.22
4,ZIKV,2017,11,40.0,1.47
4,ZIKV,2017,12,28.0,1.03
4,ZIKV,2018,1,43.0,1.57
4,ZIKV,2018,2,40.0,1.46
4,ZIKV,2018,3,27.0,0.98
4,ZIKV,2018,4,42.0,1.53
4,ZIKV,2018,5,27.0,0.98
4,ZIKV,2018,6,18.0,0.66
4,ZIKV,2018,7,17.0,0.62
4,ZIKV,2018,8,17.0,0.62
4,ZIKV,2018,9,23.0,0.84
4,ZIKV,2018,10,24.0,0.87
4,ZIKV,2018,11,41.0,1.49
4,ZIKV,2018,12,39.0,1.42
4,ZIKV,2019,1,73.0,2.63
4,ZIKV,2019,2,99.0,3.56
4,ZIKV,2019,3,101.0,3.64
4,ZIKV,2019,4,65.0,2.34
4,ZIKV,2019,5,86.0,3.1
4,ZIKV,2019,6,50.0,1.8
4,ZIKV,2019,7,24.0,0.86
4,ZIKV,2019,8,13.0,0.47
4,ZIKV,2019,9,19.0,0.68
4,ZIKV,2019,10,8.0,0.29
4,ZIKV,2019,11,37.0,1.33
4,ZIKV,2019,12,72.0,2.59
4,ZIKV,2020,1,97.0,3.46
4,ZIKV,2020,2,74.0,2.64
4,ZIKV,2020,3,58.0,2.07
4,ZIKV,2020,4,36.0,1.28
4,ZIKV,2020,5,21.0,0.75
4,ZIKV,2020,6,10.0,0.36
4,ZIKV,2020,7,3.0,0.11
4,ZIKV,2020,8,6.0,0.21
4,ZIKV,2020,9,5.0,0.18
4,ZIKV,2020,10,11.0,0.39
4,ZIKV,2020,11,9.0,0.32
4,ZIKV,2020,12,2.0,0.07
4,ZIKV,2021,1,6.0,0.21
4,ZIKV,2021,2,20.0,0.71
4,ZIKV,2021,3,55.0,1.94
4,ZIKV,2021,4,84.0,2.97
4,ZIKV,2021,5,52.0,1.84
4,ZIKV,2021,6,37.0,1.31
4,ZIKV,2021,7,13.0,0.46
4,ZIKV,2021,8,34.0,1.2
4,ZIKV,2021,9,20.0,0.71
4,ZIKV,2021,10,19.0,0.67
4,ZIKV,2021,11,44.0,1.55
4,ZIKV,2021,12,28.0,0.99
4,ZIKV,2022,1,20.0,0.7
4,ZIKV,2022,2,46.0,1.61
4,ZIKV,2022,3,194.0,6.8
4,ZIKV,2022,4,141.0,4.94
4,ZIKV,2022,5,376.0,13.17
4,ZIKV,2022,6,190.0,6.66
4,ZIKV,2022,7,60.0,2.1
4,ZIKV,2022,8,44.0,1.54
4,ZIKV,2022,9,55.0,1.93
4,ZIKV,2022,10,89.0,3.12
4,ZIKV,2022,11,30.0,1.05
4,ZIKV,2022,12,22.0,0.77
4,ZIKV,2023,1,43.0,1.49
4,ZIKV,2023,2,135.0,4.69
4,ZIKV,2023,3,238.0,8.27
4,ZIKV,2023,4,358.0,12.44
4,ZIKV,2023,5,265.0,9.21
4,ZIKV,2023,6,103.0,3.58
4,ZIKV,2023,7,46.0,1.6
4,ZIKV,2023,8,44.0,1.53
4,ZIKV,2023,9,22.0,0.76
4,ZIKV,2023,10,28.0,0.97
4,ZIKV,2023,11,35.0,1.22
4,ZIKV,2023,12,18.0,0.63
4,ZIKV,2024,1,46.0,1.59
4,ZIKV,2024,2,148.0,5.1
4,ZIKV,2024,3,218.0,7.51
4,ZIKV,2024,4,209.0,7.2
4,ZIKV,2024,5,110.0,3.79
4,ZIKV,2024,6,54.0,1.86
4,ZIKV,2024,7,19.0,0.65
4,ZIKV,2024,8,53.0,1.83
4,ZIKV,2024,9,71.0,2.45
4,ZIKV,2024,10,75.0,2.58
4,ZIKV,2024,11,58.0,2.0
4,ZIKV,2024,12,63.0,2.17
4,ZIKV,2025,1,296.0,10.12
4,ZIKV,2025,2,523.0,17.88
4,ZIKV,2025,3,686.0,23.46
4,ZIKV,2025,4,747.0,25.54
4,ZIKV,2025,5,449.0,15.35
4,ZIKV,2025,6,248.0,8.48
4,ZIKV,2025,7,105.0,3.59
4,ZIKV,2025,8,113.0,3.86
4,ZIKV,2025,9,151.0,5.16
4,ZIKV,2025,10,123.0,4.21
4,ZIKV,2025,11,162.0,5.54
4,ZIKV,2025,12,117.0,4.0
5,ZIKV,2016,1,59.0,0.53
5,ZIKV,2016,2,140.0,1.26
5,ZIKV,2016,3,202.0,1.82
5,ZIKV,2016,4,217.0,1.95
5,ZIKV,2016,5,81.0,0.73
5,ZIKV,2016,6,16.0,0.14
5,ZIKV,2016,7,21.0,0.19
5,ZIKV,2016,8,36.0,0.32
5,ZIKV,2016,9,17.0,0.15
5,ZIKV,2016,10,25.0,0.23
5,ZIKV,2016,11,26.0,0.23
5,ZIKV,2016,12,45.0,0.41
5,ZIKV,2017,1,36.0,0.32
5,ZIKV,2017,2,32.0,0.29
5,ZIKV,2017,3,12.0,0.11
5,ZIKV,2017,4,9.0,0.08
5,ZIKV,2017,5,10.0,0.09
5,ZIKV,2017,6,6.0,0.05
5,ZIKV,2017,7,3.0,0.03
5,ZIKV,2017,8,8.0,0.07
5,ZIKV,2017,9,8.0,0.07
5,ZIKV,2017,10,10.0,0.09
5,ZIKV,2017,11,7.0,0.06
5,ZIKV,2017,12,11.0,0.1
5,ZIKV,2018,1,28.0,0.25
5,ZIKV,2018,2,16.0,0.14
5,ZIKV,2018,3,13.0,0.12
5,ZIKV,2018,4,10.0,0.09
5,ZIKV,2018,5,14.0,0.13
5,ZIKV,2018,6,5.0,0.04
5,ZIKV,2018,7,6.0,0.05
5,ZIKV,2018,8,15.0,0.13
5,ZIKV,2018,9,4.0,0.04
5,ZIKV,2018,10,12.0,0.11
5,ZIKV,2018,11,7.0,0.06
5,ZIKV,2018,12,4.0,0.04
5,ZIKV,2019,1,10.0,0.09
5,ZIKV,2019,2,15.0,0.13
5,ZIKV,2019,3,14.0,0.13
5,ZIKV,2019,4,24.0,0.21
5,ZIKV,2019,5,34.0,0.3
5,ZIKV,2019,6,19.0,0.17
5,ZIKV,2019,7,8.0,0.07
5,ZIKV,2019,8,7.0,0.06
5,ZIKV,2019,9,5.0,0.04
5,ZIKV,2019,10,12.0,0.11
5,ZIKV,2019,11,9.0,0.08
5,ZIKV,2019,12,9.0,0.08
5,ZIKV,2020,1,15.0,0.13
5,ZIKV,2020,2,7.0,0.06
5,ZIKV,2020,3,17.0,0.15
5,ZIKV,2020,4,13.0,0.12
5,ZIKV,2020,5,11.0,0.1
5,ZIKV,2020,6,5.0,0.04
5,ZIKV,2020,7,9.0,0.08
5,ZIKV,2020,8,8.0,0.07
5,ZIKV,2020,9,7.0,0.06
5,ZIKV,2020,10,12.0,0.11
5,ZIKV,2020,11,13.0,0.12
5,ZIKV,2020,12,5.0,0.04
5,ZIKV,2021,1,6.0,0.05
5,ZIKV,2021,2,14.0,0.12
5,ZIKV,2021,3,27.0,0.24
5,ZIKV,2021,4,57.0,0.51
5,ZIKV,2021,5,64.0,0.57
5,ZIKV,2021,6,26.0,0.23
5,ZIKV,2021,7,18.0,0.16
5,ZIKV,2021,8,13.0,0.12
5,ZIKV,2021,9,15.0,0.13
5,ZIKV,2021,10,12.0,0.11
5,ZIKV,2021,11,4.0,0.04
5,ZIKV,2021,12,5.0,0.04
5,ZIKV,2022,1,6.0,0.05
5,ZIKV,2022,2,10.0,0.09
5,ZIKV,2022,3,45.0,0.4
5,ZIKV,2022,4,164.0,1.46
5,ZIKV,2022,5,125.0,1.11
5,ZIKV,2022,6,27.0,0.24
5,ZIKV,2022,7,22.0,0.2
5,ZIKV,2022,8,46.0,0.41
5,ZIKV,2022,9,12.0,0.11
5,ZIKV,2022,10,8.0,0.07
5,ZIKV,2022,11,17.0,0.15
5,ZIKV,2022,12,15.0,0.13
5,ZIKV,2023,1,9.0,0.08
5,ZIKV,2023,2,14.0,0.12
5,ZIKV,2023,3,45.0,0.4
5,ZIKV,2023,4,75.0,0.67
5,ZIKV,2023,5,51.0,0.45
5,ZIKV,2023,6,13.0,0.12
5,ZIKV,2023,7,18.0,0.16
5,ZIKV,2023,8,5.0,0.04
5,ZIKV,2023,9,1.0,0.01
5,ZIKV,2023,10,6.0,0.05
5,ZIKV,2023,11,6.0,0.05
5,ZIKV,2023,12,10.0,0.09
5,ZIKV,2024,1,30.0,0.27
5,ZIKV,2024,2,14.0,0.12
5,ZIKV,2024,3,19.0,0.17
5,ZIKV,2024,4,17.0,0.15
5,ZIKV,2024,5,5.0,0.04
5,ZIKV,2024,6,14.0,0.12
5,ZIKV,2024,7,14.0,0.12
5,ZIKV,2024,8,4.0,0.04
5,ZIKV,2024,9,3.0,0.03
5,ZIKV,2024,10,2.0,0.02
5,ZIKV,2024,11,4.0,0.04
5,ZIKV,2024,12,1.0,0.01
5,ZIKV,2025,1,5.0,0.04
5,ZIKV,2025,2,1.0,0.01
5,ZIKV,2025,3,5.0,0.04
5,ZIKV,2025,4,5.0,0.04
5,ZIKV,2025,5,2.0,0.02
5,ZIKV,2025,6,1.0,0.01
5,ZIKV,2025,7,1.0,0.01
5,ZIKV,2025,8,1.0,0.01
5,ZIKV,2025,9,,
5,ZIKV,2025,10,7.0,0.06
5,ZIKV,2025,11,,
5,ZIKV,2025,12,5.0,0.04
6,ZIKV,2016,1,32.0,0.46
6,ZIKV,2016,2,81.0,1.16
6,ZIKV,2016,3,94.0,1.34
6,ZIKV,2016,4,49.0,0.7
6,ZIKV,2016,5,24.0,0.34
6,ZIKV,2016,6,7.0,0.1
6,ZIKV,2016,7,10.0,0.14
6,ZIKV,2016,8,6.0,0.09
6,ZIKV,2016,9,6.0,0.09
6,ZIKV,2016,10,9.0,0.13
6,ZIKV,2016,11,15.0,0.21
6,ZIKV,2016,12,17.0,0.24
6,ZIKV,2017,1,28.0,0.39
6,ZIKV,2017,2,7.0,0.1
6,ZIKV,2017,3,8.0,0.11
6,ZIKV,2017,4,9.0,0.13
6,ZIKV,2017,5,7.0,0.1
6,ZIKV,2017,6,6.0,0.08
6,ZIKV,2017,7,3.0,0.04
6,ZIKV,2017,8,1.0,0.01
6,ZIKV,2017,9,7.0,0.1
6,ZIKV,2017,10,7.0,0.1
6,ZIKV,2017,11,5.0,0.07
6,ZIKV,2017,12,16.0,0.22
6,ZIKV,2018,1,16.0,0.22
6,ZIKV,2018,2,16.0,0.22
6,ZIKV,2018,3,4.0,0.06
6,ZIKV,2018,4,7.0,0.1
6,ZIKV,2018,5,7.0,0.1
6,ZIKV,2018,6,3.0,0.04
6,ZIKV,2018,7,7.0,0.1
6,ZIKV,2018,8,2.0,0.03
6,ZIKV,2018,9,5.0,0.07
6,ZIKV,2018,10,4.0,0.06
6,ZIKV,2018,11,9.0,0.12
6,ZIKV,2018,12,10.0,0.14
6,ZIKV,2019,1,12.0,0.16
6,ZIKV,2019,2,18.0,0.24
6,ZIKV,2019,3,27.0,0.36
6,ZIKV,2019,4,31.0,0.42
6,ZIKV,2019,5,33.0,0.45
6,ZIKV,2019,6,19.0,0.26
6,ZIKV,2019,7,15.0,0.2
6,ZIKV,2019,8,10.0,0.14
6,ZIKV,2019,9,9.0,0.12
6,ZIKV,2019,10,7.0,0.09
6,ZIKV,2019,11,15.0,0.2
6,ZIKV,2019,12,10.0,0.14
6,ZIKV,2020,1,18.0,0.24
6,ZIKV,2020,2,25.0,0.33
6,ZIKV,2020,3,24.0,0.32
6,ZIKV,2020,4,64.0,0.85
6,ZIKV,2020,5,29.0,0.38
6,ZIKV,2020,6,24.0,0.32
6,ZIKV,2020,7,7.0,0.09
6,ZIKV,2020,8,6.0,0.08
6,ZIKV,2020,9,9.0,0.12
6,ZIKV,2020,10,9.0,0.12
6,ZIKV,2020,11,2.0,0.03
6,ZIKV,2020,12,3.0,0.04
6,ZIKV,2021,1,5.0,0.07
6,ZIKV,2021,2,8.0,0.1
6,ZIKV,2021,3,11.0,0.14
6,ZIKV,2021,4,32.0,0.42
6,ZIKV,2021,5,27.0,0.35
6,ZIKV,2021,6,14.0,0.18
6,ZIKV,2021,7,10.0,0.13
6,ZIKV,2021,8,8.0,0.1
6,ZIKV,2021,9,10.0,0.13
6,ZIKV,2021,10,11.0,0.14
6,ZIKV,2021,11,11.0,0.14
6,ZIKV,2021,12,10.0,0.13
6,ZIKV,2022,1,19.0,0.24
6,ZIKV,2022,2,117.0,1.5
6,ZIKV,2022,3,134.0,1.72
6,ZIKV,2022,4,115.0,1.47
6,ZIKV,2022,5,61.0,0.78
6,ZIKV,2022,6,34.0,0.44
6,ZIKV,2022,7,12.0,0.15
6,ZIKV,2022,8,10.0,0.13
6,ZIKV,2022,9,12.0,0.15
6,ZIKV,2022,10,3.0,0.04
6,ZIKV,2022,11,10.0,0.13
6,ZIKV,2022,12,17.0,0.22
6,ZIKV,2023,1,19.0,0.24
6,ZIKV,2023,2,26.0,0.33
6,ZIKV,2023,3,45.0,0.57
6,ZIKV,2023,4,59.0,0.74
6,ZIKV,2023,5,37.0,0.47
6,ZIKV,2023,6,10.0,0.13
6,ZIKV,2023,7,5.0,0.06
6,ZIKV,2023,8,4.0,0.05
6,ZIKV,2023,9,7.0,0.09
6,ZIKV,2023,10,10.0,0.13
6,ZIKV,2023,11,5.0,0.06
6,ZIKV,2023,12,8.0,0.1
6,ZIKV,2024,1,20.0,0.25
6,ZIKV,2024,2,45.0,0.56
6,ZIKV,2024,3,37.0,0.46
6,ZIKV,2024,4,26.0,0.32
6,ZIKV,2024,5,17.0,0.21
6,ZIKV,2024,6,11.0,0.14
6,ZIKV,2024,7,12.0,0.15
6,ZIKV,2024,8,6.0,0.07
6,ZIKV,2024,9,8.0,0.1
6,ZIKV,2024,10,8.0,0.1
6,ZIKV,2024,11,2.0,0.02
6,ZIKV,2024,12,7.0,0.09
6,ZIKV,2025,1,12.0,0.15
6,ZIKV,2025,2,5.0,0.06
6,ZIKV,2025,3,20.0,0.24
6,ZIKV,2025,4,42.0,0.51
6,ZIKV,2025,5,30.0,0.37
6,ZIKV,2025,6,18.0,0.22
6,ZIKV,2025,7,14.0,0.17
6,ZIKV,2025,8,11.0,0.13
6,ZIKV,2025,9,11.0,0.13
6,ZIKV,2025,10,10.0,0.12
6,ZIKV,2025,11,9.0,0.11
6,ZIKV,2025,12,12.0,0.15
7,ZIKV,2016,1,330.0,2.95
7,ZIKV,2016,2,950.0,8.49
7,ZIKV,2016,3,1503.0,13.42
7,ZIKV,2016,4,603.0,5.39
7,ZIKV,2016,5,165.0,1.47
7,ZIKV,2016,6,59.0,0.53
7,ZIKV,2016,7,33.0,0.29
7,ZIKV,2016,8,49.0,0.44
7,ZIKV,2016,9,48.0,0.43
7,ZIKV,2016,10,47.0,0.42
7,ZIKV,2016,11,61.0,0.54
7,ZIKV,2016,12,106.0,0.95
7,ZIKV,2017,1,96.0,0.85
7,ZIKV,2017,2,71.0,0.63
7,ZIKV,2017,3,67.0,0.59
7,ZIKV,2017,4,45.0,0.4
7,ZIKV,2017,5,38.0,0.34
7,ZIKV,2017,6,18.0,0.16
7,ZIKV,2017,7,21.0,0.19
7,ZIKV,2017,8,29.0,0.26
7,ZIKV,2017,9,32.0,0.28
7,ZIKV,2017,10,26.0,0.23
7,ZIKV,2017,11,27.0,0.24
7,ZIKV,2017,12,18.0,0.16
7,ZIKV,2018,1,31.0,0.27
7,ZIKV,2018,2,26.0,0.23
7,ZIKV,2018,3,26.0,0.23
7,ZIKV,2018,4,16.0,0.14
7,ZIKV,2018,5,8.0,0.07
7,ZIKV,2018,6,8.0,0.07
7,ZIKV,2018,7,18.0,0.16
7,ZIKV,2018,8,11.0,0.1
7,ZIKV,2018,9,14.0,0.12
7,ZIKV,2018,10,17.0,0.15
7,ZIKV,2018,11,11.0,0.1
7,ZIKV,2018,12,12.0,0.11
7,ZIKV,2019,1,32.0,0.28
7,ZIKV,2019,2,50.0,0.44
7,ZIKV,2019,3,40.0,0.35
7,ZIKV,2019,4,71.0,0.62
7,ZIKV,2019,5,39.0,0.34
7,ZIKV,2019,6,15.0,0.13
7,ZIKV,2019,7,15.0,0.13
7,ZIKV,2019,8,11.0,0.1
7,ZIKV,2019,9,19.0,0.17
7,ZIKV,2019,10,20.0,0.17
7,ZIKV,2019,11,18.0,0.16
7,ZIKV,2019,12,13.0,0.11
7,ZIKV,2020,1,21.0,0.18
7,ZIKV,2020,2,49.0,0.42
7,ZIKV,2020,3,53.0,0.46
7,ZIKV,2020,4,20.0,0.17
7,ZIKV,2020,5,16.0,0.14
7,ZIKV,2020,6,7.0,0.06
7,ZIKV,2020,7,2.0,0.02
7,ZIKV,2020,8,7.0,0.06
7,ZIKV,2020,9,6.0,0.05
7,ZIKV,2020,10,8.0,0.07
7,ZIKV,2020,11,6.0,0.05
7,ZIKV,2020,12,5.0,0.04
7,ZIKV,2021,1,6.0,0.05
7,ZIKV,2021,2,10.0,0.09
7,ZIKV,2021,3,3.0,0.03
7,ZIKV,2021,4,7.0,0.06
7,ZIKV,2021,5,9.0,0.08
7,ZIKV,2021,6,9.0,0.08
7,ZIKV,2021,7,4.0,0.03
7,ZIKV,2021,8,3.0,0.03
7,ZIKV,2021,9,3.0,0.03
7,ZIKV,2021,10,5.0,0.04
7,ZIKV,2021,11,11.0,0.09
7,ZIKV,2021,12,9.0,0.08
7,ZIKV,2022,1,5.0,0.04
7,ZIKV,2022,2,8.0,0.07
7,ZIKV,2022,3,14.0,0.12
7,ZIKV,2022,4,32.0,0.27
7,ZIKV,2022,5,15.0,0.13
7,ZIKV,2022,6,7.0,0.06
7,ZIKV,2022,7,8.0,0.07
7,ZIKV,2022,8,7.0,0.06
7,ZIKV,2022,9,5.0,0.04
7,ZIKV,2022,10,8.0,0.07
7,ZIKV,2022,11,11.0,0.09
7,ZIKV,2022,12,3.0,0.03
7,ZIKV,2023,1,5.0,0.04
7,ZIKV,2023,2,13.0,0.11
7,ZIKV,2023,3,24.0,0.2
7,ZIKV,2023,4,16.0,0.14
7,ZIKV,2023,5,29.0,0.25
7,ZIKV,2023,6,17.0,0.14
7,ZIKV,2023,7,7.0,0.06
7,ZIKV,2023,8,13.0,0.11
7,ZIKV,2023,9,9.0,0.08
7,ZIKV,2023,10,9.0,0.08
7,ZIKV,2023,11,11.0,0.09
7,ZIKV,2023,12,14.0,0.12
7,ZIKV,2024,1,15.0,0.13
7,ZIKV,2024,2,17.0,0.14
7,ZIKV,2024,3,13.0,0.11
7,ZIKV,2024,4,28.0,0.24
7,ZIKV,2024,5,10.0,0.08
7,ZIKV,2024,6,8.0,0.07
7,ZIKV,2024,7,7.0,0.06
7,ZIKV,2024,8,5.0,0.04
7,ZIKV,2024,9,5.0,0.04
7,ZIKV,2024,10,7.0,0.06
7,ZIKV,2024,11,9.0,0.08
7,ZIKV,2024,12,9.0,0.08
7,ZIKV,2025,1,15.0,0.13
7,ZIKV,2025,2,13.0,0.11
7,ZIKV,2025,3,31.0,0.26
7,ZIKV,2025,4,38.0,0.32
7,ZIKV,2025,5,22.0,0.19
7,ZIKV,2025,6,20.0,0.17
7,ZIKV,2025,7,13.0,0.11
7,ZIKV,2025,8,7.0,0.06
7,ZIKV,2025,9,19.0,0.16
7,ZIKV,2025,10,17.0,0.14
7,ZIKV,2025,11,7.0,0.06
7,ZIKV,2025,12,9.0,0.08
8,ZIKV,2016,1,527.0,1.18
8,ZIKV,2016,2,1989.0,4.47
8,ZIKV,2016,3,2864.0,6.43
8,ZIKV,2016,4,2476.0,5.56
8,ZIKV,2016,5,1146.0,2.57
8,ZIKV,2016,6,321.0,0.72
8,ZIKV,2016,7,175.0,0.39
8,ZIKV,2016,8,167.0,0.38
8,ZIKV,2016,9,172.0,0.39
8,ZIKV,2016,10,151.0,0.34
8,ZIKV,2016,11,204.0,0.46
8,ZIKV,2016,12,222.0,0.5
8,ZIKV,2017,1,240.0,0.54
8,ZIKV,2017,2,203.0,0.45
8,ZIKV,2017,3,228.0,0.51
8,ZIKV,2017,4,139.0,0.31
8,ZIKV,2017,5,141.0,0.31
8,ZIKV,2017,6,76.0,0.17
8,ZIKV,2017,7,73.0,0.16
8,ZIKV,2017,8,82.0,0.18
8,ZIKV,2017,9,107.0,0.24
8,ZIKV,2017,10,131.0,0.29
8,ZIKV,2017,11,116.0,0.26
8,ZIKV,2017,12,134.0,0.3
8,ZIKV,2018,1,150.0,0.33
8,ZIKV,2018,2,148.0,0.33
8,ZIKV,2018,3,161.0,0.36
8,ZIKV,2018,4,137.0,0.3
8,ZIKV,2018,5,122.0,0.27
8,ZIKV,2018,6,73.0,0.16
8,ZIKV,2018,7,92.0,0.2
8,ZIKV,2018,8,132.0,0.29
8,ZIKV,2018,9,89.0,0.2
8,ZIKV,2018,10,107.0,0.24
8,ZIKV,2018,11,101.0,0.22
8,ZIKV,2018,12,128.0,0.28
8,ZIKV,2019,1,232.0,0.51
8,ZIKV,2019,2,481.0,1.06
8,ZIKV,2019,3,519.0,1.15
8,ZIKV,2019,4,718.0,1.58
8,ZIKV,2019,5,697.0,1.54
8,ZIKV,2019,6,274.0,0.6
8,ZIKV,2019,7,144.0,0.32
8,ZIKV,2019,8,100.0,0.22
8,ZIKV,2019,9,69.0,0.15
8,ZIKV,2019,10,77.0,0.17
8,ZIKV,2019,11,71.0,0.16
8,ZIKV,2019,12,79.0,0.17
8,ZIKV,2020,1,162.0,0.36
8,ZIKV,2020,2,236.0,0.52
8,ZIKV,2020,3,295.0,0.65
8,ZIKV,2020,4,107.0,0.24
8,ZIKV,2020,5,80.0,0.18
8,ZIKV,2020,6,46.0,0.1
8,ZIKV,2020,7,38.0,0.08
8,ZIKV,2020,8,27.0,0.06
8,ZIKV,2020,9,32.0,0.07
8,ZIKV,2020,10,12.0,0.03
8,ZIKV,2020,11,7.0,0.02
8,ZIKV,2020,12,13.0,0.03
8,ZIKV,2021,1,35.0,0.08
8,ZIKV,2021,2,100.0,0.22
8,ZIKV,2021,3,122.0,0.27
8,ZIKV,2021,4,188.0,0.41
8,ZIKV,2021,5,151.0,0.33
8,ZIKV,2021,6,67.0,0.15
8,ZIKV,2021,7,61.0,0.13
8,ZIKV,2021,8,36.0,0.08
8,ZIKV,2021,9,31.0,0.07
8,ZIKV,2021,10,42.0,0.09
8,ZIKV,2021,11,60.0,0.13
8,ZIKV,2021,12,60.0,0.13
8,ZIKV,2022,1,69.0,0.15
8,ZIKV,2022,2,92.0,0.2
8,ZIKV,2022,3,108.0,0.24
8,ZIKV,2022,4,200.0,0.44
8,ZIKV,2022,5,184.0,0.4
8,ZIKV,2022,6,82.0,0.18
8,ZIKV,2022,7,63.0,0.14
8,ZIKV,2022,8,55.0,0.12
8,ZIKV,2022,9,56.0,0.12
8,ZIKV,2022,10,56.0,0.12
8,ZIKV,2022,11,51.0,0.11
8,ZIKV,2022,12,68.0,0.15
8,ZIKV,2023,1,62.0,0.14
8,ZIKV,2023,2,118.0,0.26
8,ZIKV,2023,3,174.0,0.38
8,ZIKV,2023,4,133.0,0.29
8,ZIKV,2023,5,131.0,0.29
8,ZIKV,2023,6,67.0,0.15
8,ZIKV,2023,7,54.0,0.12
8,ZIKV,2023,8,53.0,0.12
8,ZIKV,2023,9,54.0,0.12
8,ZIKV,2023,10,65.0,0.14
8,ZIKV,2023,11,73.0,0.16
8,ZIKV,2023,12,64.0,0.14
8,ZIKV,2024,1,88.0,0.19
8,ZIKV,2024,2,257.0,0.56
8,ZIKV,2024,3,238.0,0.52
8,ZIKV,2024,4,289.0,0.63
8,ZIKV,2024,5,267.0,0.58
8,ZIKV,2024,6,164.0,0.36
8,ZIKV,2024,7,106.0,0.23
8,ZIKV,2024,8,99.0,0.22
8,ZIKV,2024,9,115.0,0.25
8,ZIKV,2024,10,105.0,0.23
8,ZIKV,2024,11,98.0,0.21
8,ZIKV,2024,12,163.0,0.35
8,ZIKV,2025,1,369.0,0.8
8,ZIKV,2025,2,340.0,0.74
8,ZIKV,2025,3,400.0,0.87
8,ZIKV,2025,4,315.0,0.68
8,ZIKV,2025,5,177.0,0.38
8,ZIKV,2025,6,66.0,0.14
8,ZIKV,2025,7,65.0,0.14
8,ZIKV,2025,8,50.0,0.11
8,ZIKV,2025,9,62.0,0.13
8,ZIKV,2025,10,51.0,0.11
8,ZIKV,2025,11,64.0,0.14
8,ZIKV,2025,12,43.0,0.09
9,ZIKV,2016,1,16441.0,96.46
9,ZIKV,2016,2,19983.0,117.25
9,ZIKV,2016,3,20286.0,119.02
9,ZIKV,2016,4,15040.0,88.24
9,ZIKV,2016,5,6634.0,38.92
9,ZIKV,2016,6,2413.0,14.16
9,ZIKV,2016,7,793.0,4.65
9,ZIKV,2016,8,673.0,3.95
9,ZIKV,2016,9,409.0,2.4
9,ZIKV,2016,10,270.0,1.58
9,ZIKV,2016,11,359.0,2.11
9,ZIKV,2016,12,261.0,1.53
9,ZIKV,2017,1,439.0,2.57
9,ZIKV,2017,2,440.0,2.57
9,ZIKV,2017,3,420.0,2.46
9,ZIKV,2017,4,545.0,3.19
9,ZIKV,2017,5,397.0,2.32
9,ZIKV,2017,6,187.0,1.09
9,ZIKV,2017,7,94.0,0.55
9,ZIKV,2017,8,73.0,0.43
9,ZIKV,2017,9,70.0,0.41
9,ZIKV,2017,10,103.0,0.6
9,ZIKV,2017,11,78.0,0.46
9,ZIKV,2017,12,113.0,0.66
9,ZIKV,2018,1,246.0,1.43
9,ZIKV,2018,2,334.0,1.95
9,ZIKV,2018,3,672.0,3.92
9,ZIKV,2018,4,1140.0,6.65
9,ZIKV,2018,5,650.0,3.79
9,ZIKV,2018,6,269.0,1.57
9,ZIKV,2018,7,245.0,1.43
9,ZIKV,2018,8,193.0,1.13
9,ZIKV,2018,9,131.0,0.76
9,ZIKV,2018,10,127.0,0.74
9,ZIKV,2018,11,115.0,0.67
9,ZIKV,2018,12,107.0,0.62
9,ZIKV,2019,1,135.0,0.79
9,ZIKV,2019,2,209.0,1.22
9,ZIKV,2019,3,322.0,1.87
9,ZIKV,2019,4,515.0,3.0
9,ZIKV,2019,5,738.0,4.29
9,ZIKV,2019,6,414.0,2.41
9,ZIKV,2019,7,248.0,1.44
9,ZIKV,2019,8,99.0,0.58
9,ZIKV,2019,9,57.0,0.33
9,ZIKV,2019,10,44.0,0.26
9,ZIKV,2019,11,36.0,0.21
9,ZIKV,2019,12,42.0,0.24
9,ZIKV,2020,1,48.0,0.28
9,ZIKV,2020,2,42.0,0.24
9,ZIKV,2020,3,49.0,0.28
9,ZIKV,2020,4,39.0,0.23
9,ZIKV,2020,5,17.0,0.1
9,ZIKV,2020,6,16.0,0.09
9,ZIKV,2020,7,23.0,0.13
9,ZIKV,2020,8,23.0,0.13
9,ZIKV,2020,9,15.0,0.09
9,ZIKV,2020,10,8.0,0.05
9,ZIKV,2020,11,7.0,0.04
9,ZIKV,2020,12,12.0,0.07
9,ZIKV,2021,1,7.0,0.04
9,ZIKV,2021,2,8.0,0.05
9,ZIKV,2021,3,8.0,0.05
9,ZIKV,2021,4,19.0,0.11
9,ZIKV,2021,5,27.0,0.16
9,ZIKV,2021,6,20.0,0.12
9,ZIKV,2021,7,17.0,0.1
9,ZIKV,2021,8,24.0,0.14
9,ZIKV,2021,9,19.0,0.11
9,ZIKV,2021,10,14.0,0.08
9,ZIKV,2021,11,13.0,0.08
9,ZIKV,2021,12,16.0,0.09
9,ZIKV,2022,1,9.0,0.05
9,ZIKV,2022,2,9.0,0.05
9,ZIKV,2022,3,18.0,0.1
9,ZIKV,2022,4,18.0,0.1
9,ZIKV,2022,5,46.0,0.27
9,ZIKV,2022,6,31.0,0.18
9,ZIKV,2022,7,16.0,0.09
9,ZIKV,2022,8,23.0,0.13
9,ZIKV,2022,9,10.0,0.06
9,ZIKV,2022,10,8.0,0.05
9,ZIKV,2022,11,7.0,0.04
9,ZIKV,2022,12,18.0,0.1
9,ZIKV,2023,1,17.0,0.1
9,ZIKV,2023,2,22.0,0.13
9,ZIKV,2023,3,67.0,0.39
9,ZIKV,2023,4,32.0,0.19
9,ZIKV,2023,5,58.0,0.34
9,ZIKV,2023,6,13.0,0.08
9,ZIKV,2023,7,11.0,0.06
9,ZIKV,2023,8,8.0,0.05
9,ZIKV,2023,9,11.0,0.06
9,ZIKV,2023,10,14.0,0.08
9,ZIKV,2023,11,21.0,0.12
9,ZIKV,2023,12,33.0,0.19
9,ZIKV,2024,1,83.0,0.48
9,ZIKV,2024,2,261.0,1.52
9,ZIKV,2024,3,123.0,0.71
9,ZIKV,2024,4,74.0,0.43
9,ZIKV,2024,5,62.0,0.36
9,ZIKV,2024,6,26.0,0.15
9,ZIKV,2024,7,30.0,0.17
9,ZIKV,2024,8,13.0,0.08
9,ZIKV,2024,9,15.0,0.09
9,ZIKV,2024,10,8.0,0.05
9,ZIKV,2024,11,9.0,0.05
9,ZIKV,2024,12,10.0,0.06
9,ZIKV,2025,1,30.0,0.17
9,ZIKV,2025,2,165.0,0.96
9,ZIKV,2025,3,51.0,0.3
9,ZIKV,2025,4,60.0,0.35
9,ZIKV,2025,5,30.0,0.17
9,ZIKV,2025,6,38.0,0.22
9,ZIKV,2025,7,28.0,0.16
9,ZIKV,2025,8,44.0,0.26
9,ZIKV,2025,9,36.0,0.21
9,ZIKV,2025,10,37.0,0.21
9,ZIKV,2025,11,13.0,0.08
9,ZIKV,2025,12,9.0,0.05
10,ZIKV,2016,1,670.0,17.31
10,ZIKV,2016,2,817.0,21.11
10,ZIKV,2016,3,705.0,18.21
10,ZIKV,2016,4,265.0,6.85
10,ZIKV,2016,5,177.0,4.57
10,ZIKV,2016,6,49.0,1.27
10,ZIKV,2016,7,51.0,1.32
10,ZIKV,2016,8,43.0,1.11
10,ZIKV,2016,9,30.0,0.78
10,ZIKV,2016,10,28.0,0.72
10,ZIKV,2016,11,21.0,0.54
10,ZIKV,2016,12,53.0,1.37
10,ZIKV,2017,1,74.0,1.9
10,ZIKV,2017,2,62.0,1.59
10,ZIKV,2017,3,145.0,3.71
10,ZIKV,2017,4,100.0,2.56
10,ZIKV,2017,5,45.0,1.15
10,ZIKV,2017,6,22.0,0.56
10,ZIKV,2017,7,23.0,0.59
10,ZIKV,2017,8,15.0,0.38
10,ZIKV,2017,9,23.0,0.59
10,ZIKV,2017,10,21.0,0.54
10,ZIKV,2017,11,17.0,0.44
10,ZIKV,2017,12,29.0,0.74
10,ZIKV,2018,1,43.0,1.09
10,ZIKV,2018,2,32.0,0.81
10,ZIKV,2018,3,64.0,1.63
10,ZIKV,2018,4,67.0,1.7
10,ZIKV,2018,5,69.0,1.75
10,ZIKV,2018,6,73.0,1.85
10,ZIKV,2018,7,50.0,1.27
10,ZIKV,2018,8,56.0,1.42
10,ZIKV,2018,9,39.0,0.99
10,ZIKV,2018,10,51.0,1.3
10,ZIKV,2018,11,19.0,0.48
10,ZIKV,2018,12,29.0,0.74
10,ZIKV,2019,1,105.0,2.64
10,ZIKV,2019,2,82.0,2.07
10,ZIKV,2019,3,178.0,4.48
10,ZIKV,2019,4,206.0,5.19
10,ZIKV,2019,5,202.0,5.09
10,ZIKV,2019,6,207.0,5.21
10,ZIKV,2019,7,154.0,3.88
10,ZIKV,2019,8,87.0,2.19
10,ZIKV,2019,9,48.0,1.21
10,ZIKV,2019,10,42.0,1.06
10,ZIKV,2019,11,36.0,0.91
10,ZIKV,2019,12,57.0,1.44
10,ZIKV,2020,1,155.0,3.87
10,ZIKV,2020,2,290.0,7.25
10,ZIKV,2020,3,317.0,7.92
10,ZIKV,2020,4,297.0,7.42
10,ZIKV,2020,5,275.0,6.87
10,ZIKV,2020,6,144.0,3.6
10,ZIKV,2020,7,95.0,2.37
10,ZIKV,2020,8,79.0,1.97
10,ZIKV,2020,9,62.0,1.55
10,ZIKV,2020,10,50.0,1.25
10,ZIKV,2020,11,86.0,2.15
10,ZIKV,2020,12,76.0,1.9
10,ZIKV,2021,1,82.0,2.04
10,ZIKV,2021,2,106.0,2.63
10,ZIKV,2021,3,126.0,3.13
10,ZIKV,2021,4,136.0,3.38
10,ZIKV,2021,5,85.0,2.11
10,ZIKV,2021,6,102.0,2.53
10,ZIKV,2021,7,70.0,1.74
10,ZIKV,2021,8,53.0,1.32
10,ZIKV,2021,9,57.0,1.42
10,ZIKV,2021,10,40.0,0.99
10,ZIKV,2021,11,59.0,1.46
10,ZIKV,2021,12,42.0,1.04
10,ZIKV,2022,1,77.0,1.9
10,ZIKV,2022,2,49.0,1.21
10,ZIKV,2022,3,103.0,2.54
10,ZIKV,2022,4,132.0,3.26
10,ZIKV,2022,5,150.0,3.7
10,ZIKV,2022,6,105.0,2.59
10,ZIKV,2022,7,82.0,2.02
10,ZIKV,2022,8,73.0,1.8
10,ZIKV,2022,9,51.0,1.26
10,ZIKV,2022,10,66.0,1.63
10,ZIKV,2022,11,78.0,1.93
10,ZIKV,2022,12,102.0,2.52
10,ZIKV,2023,1,326.0,8.0
10,ZIKV,2023,2,1165.0,28.58
10,ZIKV,2023,3,2420.0,59.37
10,ZIKV,2023,4,2403.0,58.95
10,ZIKV,2023,5,2143.0,52.58
10,ZIKV,2023,6,1604.0,39.35
10,ZIKV,2023,7,1049.0,25.74
10,ZIKV,2023,8,906.0,22.23
10,ZIKV,2023,9,486.0,11.92
10,ZIKV,2023,10,454.0,11.14
10,ZIKV,2023,11,155.0,3.8
10,ZIKV,2023,12,173.0,4.24
10,ZIKV,2024,1,234.0,5.7
10,ZIKV,2024,2,802.0,19.55
10,ZIKV,2024,3,1562.0,38.08
10,ZIKV,2024,4,983.0,23.96
10,ZIKV,2024,5,535.0,13.04
10,ZIKV,2024,6,391.0,9.53
10,ZIKV,2024,7,194.0,4.73
10,ZIKV,2024,8,89.0,2.17
10,ZIKV,2024,9,59.0,1.44
10,ZIKV,2024,10,65.0,1.58
10,ZIKV,2024,11,197.0,4.8
10,ZIKV,2024,12,316.0,7.7
10,ZIKV,2025,1,306.0,7.41
10,ZIKV,2025,2,237.0,5.74
10,ZIKV,2025,3,159.0,3.85
10,ZIKV,2025,4,142.0,3.44
10,ZIKV,2025,5,119.0,2.88
10,ZIKV,2025,6,61.0,1.48
10,ZIKV,2025,7,45.0,1.09
10,ZIKV,2025,8,33.0,0.8
10,ZIKV,2025,9,46.0,1.11
10,ZIKV,2025,10,33.0,0.8
10,ZIKV,2025,11,27.0,0.65
10,ZIKV,2025,12,22.0,0.53
11,ZIKV,2016,1,1361.0,6.61
11,ZIKV,2016,2,6492.0,31.53
11,ZIKV,2016,3,7242.0,35.18
11,ZIKV,2016,4,3213.0,15.61
11,ZIKV,2016,5,1390.0,6.75
11,ZIKV,2016,6,332.0,1.61
11,ZIKV,2016,7,81.0,0.39
11,ZIKV,2016,8,55.0,0.27
11,ZIKV,2016,9,59.0,0.29
11,ZIKV,2016,10,79.0,0.38
11,ZIKV,2016,11,87.0,0.42
11,ZIKV,2016,12,91.0,0.44
11,ZIKV,2017,1,204.0,0.99
11,ZIKV,2017,2,251.0,1.21
11,ZIKV,2017,3,366.0,1.77
11,ZIKV,2017,4,244.0,1.18
11,ZIKV,2017,5,291.0,1.41
11,ZIKV,2017,6,133.0,0.64
11,ZIKV,2017,7,59.0,0.29
11,ZIKV,2017,8,58.0,0.28
11,ZIKV,2017,9,66.0,0.32
11,ZIKV,2017,10,61.0,0.29
11,ZIKV,2017,11,68.0,0.33
11,ZIKV,2017,12,52.0,0.25
11,ZIKV,2018,1,89.0,0.43
11,ZIKV,2018,2,84.0,0.4
11,ZIKV,2018,3,138.0,0.66
11,ZIKV,2018,4,182.0,0.87
11,ZIKV,2018,5,123.0,0.59
11,ZIKV,2018,6,77.0,0.37
11,ZIKV,2018,7,74.0,0.36
11,ZIKV,2018,8,56.0,0.27
11,ZIKV,2018,9,45.0,0.22
11,ZIKV,2018,10,43.0,0.21
11,ZIKV,2018,11,61.0,0.29
11,ZIKV,2018,12,46.0,0.22
11,ZIKV,2019,1,143.0,0.68
11,ZIKV,2019,2,256.0,1.22
11,ZIKV,2019,3,440.0,2.1
11,ZIKV,2019,4,789.0,3.77
11,ZIKV,2019,5,819.0,3.92
11,ZIKV,2019,6,352.0,1.68
11,ZIKV,2019,7,160.0,0.76
11,ZIKV,2019,8,64.0,0.31
11,ZIKV,2019,9,50.0,0.24
11,ZIKV,2019,10,56.0,0.27
11,ZIKV,2019,11,49.0,0.23
11,ZIKV,2019,12,37.0,0.18
11,ZIKV,2020,1,133.0,0.63
11,ZIKV,2020,2,198.0,0.94
11,ZIKV,2020,3,225.0,1.07
11,ZIKV,2020,4,155.0,0.74
11,ZIKV,2020,5,178.0,0.85
11,ZIKV,2020,6,112.0,0.53
11,ZIKV,2020,7,54.0,0.26
11,ZIKV,2020,8,48.0,0.23
11,ZIKV,2020,9,43.0,0.2
11,ZIKV,2020,10,57.0,0.27
11,ZIKV,2020,11,71.0,0.34
11,ZIKV,2020,12,70.0,0.33
11,ZIKV,2021,1,27.0,0.13
11,ZIKV,2021,2,38.0,0.18
11,ZIKV,2021,3,69.0,0.33
11,ZIKV,2021,4,51.0,0.24
11,ZIKV,2021,5,37.0,0.18
11,ZIKV,2021,6,42.0,0.2
11,ZIKV,2021,7,23.0,0.11
11,ZIKV,2021,8,15.0,0.07
11,ZIKV,2021,9,17.0,0.08
11,ZIKV,2021,10,12.0,0.06
11,ZIKV,2021,11,21.0,0.1
11,ZIKV,2021,12,35.0,0.17
11,ZIKV,2022,1,20.0,0.09
11,ZIKV,2022,2,32.0,0.15
11,ZIKV,2022,3,85.0,0.4
11,ZIKV,2022,4,96.0,0.45
11,ZIKV,2022,5,93.0,0.44
11,ZIKV,2022,6,72.0,0.34
11,ZIKV,2022,7,33.0,0.16
11,ZIKV,2022,8,17.0,0.08
11,ZIKV,2022,9,14.0,0.07
11,ZIKV,2022,10,14.0,0.07
11,ZIKV,2022,11,47.0,0.22
11,ZIKV,2022,12,22.0,0.1
11,ZIKV,2023,1,106.0,0.5
11,ZIKV,2023,2,147.0,0.69
11,ZIKV,2023,3,276.0,1.3
11,ZIKV,2023,4,170.0,0.8
11,ZIKV,2023,5,104.0,0.49
11,ZIKV,2023,6,46.0,0.22
11,ZIKV,2023,7,19.0,0.09
11,ZIKV,2023,8,28.0,0.13
11,ZIKV,2023,9,28.0,0.13
11,ZIKV,2023,10,28.0,0.13
11,ZIKV,2023,11,28.0,0.13
11,ZIKV,2023,12,61.0,0.29
11,ZIKV,2024,1,141.0,0.66
11,ZIKV,2024,2,239.0,1.12
11,ZIKV,2024,3,247.0,1.16
11,ZIKV,2024,4,215.0,1.01
11,ZIKV,2024,5,104.0,0.49
11,ZIKV,2024,6,66.0,0.31
11,ZIKV,2024,7,24.0,0.11
11,ZIKV,2024,8,25.0,0.12
11,ZIKV,2024,9,29.0,0.14
11,ZIKV,2024,10,19.0,0.09
11,ZIKV,2024,11,24.0,0.11
11,ZIKV,2024,12,24.0,0.11
11,ZIKV,2025,1,42.0,0.2
11,ZIKV,2025,2,63.0,0.29
11,ZIKV,2025,3,100.0,0.47
11,ZIKV,2025,4,105.0,0.49
11,ZIKV,2025,5,68.0,0.32
11,ZIKV,2025,6,18.0,0.08
11,ZIKV,2025,7,18.0,0.08
11,ZIKV,2025,8,22.0,0.1
11,ZIKV,2025,9,15.0,0.07
11,ZIKV,2025,10,20.0,0.09
11,ZIKV,2025,11,31.0,0.14
11,ZIKV,2025,12,19.0,0.09
12,ZIKV,2016,1,6119.0,42.12
12,ZIKV,2016,2,18472.0,127.16
12,ZIKV,2016,3,20207.0,139.1
12,ZIKV,2016,4,7417.0,51.06
12,ZIKV,2016,5,2786.0,19.18
12,ZIKV,2016,6,1202.0,8.27
12,ZIKV,2016,7,630.0,4.34
12,ZIKV,2016,8,475.0,3.27
12,ZIKV,2016,9,293.0,2.02
12,ZIKV,2016,10,428.0,2.95
12,ZIKV,2016,11,476.0,3.28
12,ZIKV,2016,12,433.0,2.98
12,ZIKV,2017,1,555.0,3.81
12,ZIKV,2017,2,339.0,2.33
12,ZIKV,2017,3,328.0,2.25
12,ZIKV,2017,4,302.0,2.07
12,ZIKV,2017,5,370.0,2.54
12,ZIKV,2017,6,345.0,2.37
12,ZIKV,2017,7,245.0,1.68
12,ZIKV,2017,8,168.0,1.15
12,ZIKV,2017,9,94.0,0.64
12,ZIKV,2017,10,85.0,0.58
12,ZIKV,2017,11,101.0,0.69
12,ZIKV,2017,12,94.0,0.64
12,ZIKV,2018,1,141.0,0.96
12,ZIKV,2018,2,150.0,1.03
12,ZIKV,2018,3,232.0,1.59
12,ZIKV,2018,4,143.0,0.98
12,ZIKV,2018,5,166.0,1.13
12,ZIKV,2018,6,122.0,0.83
12,ZIKV,2018,7,108.0,0.74
12,ZIKV,2018,8,138.0,0.94
12,ZIKV,2018,9,87.0,0.59
12,ZIKV,2018,10,128.0,0.87
12,ZIKV,2018,11,81.0,0.55
12,ZIKV,2018,12,51.0,0.35
12,ZIKV,2019,1,68.0,0.46
12,ZIKV,2019,2,185.0,1.26
12,ZIKV,2019,3,169.0,1.15
12,ZIKV,2019,4,208.0,1.42
12,ZIKV,2019,5,357.0,2.43
12,ZIKV,2019,6,361.0,2.46
12,ZIKV,2019,7,446.0,3.04
12,ZIKV,2019,8,382.0,2.6
12,ZIKV,2019,9,359.0,2.44
12,ZIKV,2019,10,269.0,1.83
12,ZIKV,2019,11,200.0,1.36
12,ZIKV,2019,12,119.0,0.81
12,ZIKV,2020,1,182.0,1.23
12,ZIKV,2020,2,193.0,1.31
12,ZIKV,2020,3,403.0,2.73
12,ZIKV,2020,4,917.0,6.22
12,ZIKV,2020,5,1027.0,6.96
12,ZIKV,2020,6,824.0,5.59
12,ZIKV,2020,7,452.0,3.06
12,ZIKV,2020,8,211.0,1.43
12,ZIKV,2020,9,152.0,1.03
12,ZIKV,2020,10,131.0,0.89
12,ZIKV,2020,11,101.0,0.68
12,ZIKV,2020,12,32.0,0.22
12,ZIKV,2021,1,132.0,0.89
12,ZIKV,2021,2,195.0,1.32
12,ZIKV,2021,3,316.0,2.14
12,ZIKV,2021,4,348.0,2.35
12,ZIKV,2021,5,286.0,1.93
12,ZIKV,2021,6,210.0,1.42
12,ZIKV,2021,7,226.0,1.53
12,ZIKV,2021,8,95.0,0.64
12,ZIKV,2021,9,78.0,0.53
12,ZIKV,2021,10,42.0,0.28
12,ZIKV,2021,11,73.0,0.49
12,ZIKV,2021,12,72.0,0.49
12,ZIKV,2022,1,120.0,0.81
12,ZIKV,2022,2,217.0,1.47
12,ZIKV,2022,3,457.0,3.09
12,ZIKV,2022,4,440.0,2.97
12,ZIKV,2022,5,566.0,3.82
12,ZIKV,2022,6,198.0,1.34
12,ZIKV,2022,7,128.0,0.86
12,ZIKV,2022,8,115.0,0.78
12,ZIKV,2022,9,70.0,0.47
12,ZIKV,2022,10,88.0,0.59
12,ZIKV,2022,11,187.0,1.26
12,ZIKV,2022,12,358.0,2.42
12,ZIKV,2023,1,288.0,1.94
12,ZIKV,2023,2,438.0,2.95
12,ZIKV,2023,3,523.0,3.53
12,ZIKV,2023,4,572.0,3.86
12,ZIKV,2023,5,741.0,5.0
12,ZIKV,2023,6,583.0,3.93
12,ZIKV,2023,7,460.0,3.1
12,ZIKV,2023,8,248.0,1.67
12,ZIKV,2023,9,166.0,1.12
12,ZIKV,2023,10,125.0,0.84
12,ZIKV,2023,11,128.0,0.86
12,ZIKV,2023,12,122.0,0.82
12,ZIKV,2024,1,269.0,1.81
12,ZIKV,2024,2,1295.0,8.72
12,ZIKV,2024,3,1543.0,10.39
12,ZIKV,2024,4,624.0,4.2
12,ZIKV,2024,5,384.0,2.59
12,ZIKV,2024,6,132.0,0.89
12,ZIKV,2024,7,89.0,0.6
12,ZIKV,2024,8,91.0,0.61
12,ZIKV,2024,9,68.0,0.46
12,ZIKV,2024,10,64.0,0.43
12,ZIKV,2024,11,67.0,0.45
12,ZIKV,2024,12,65.0,0.44
12,ZIKV,2025,1,122.0,0.82
12,ZIKV,2025,2,104.0,0.7
12,ZIKV,2025,3,117.0,0.79
12,ZIKV,2025,4,141.0,0.95
12,ZIKV,2025,5,129.0,0.87
12,ZIKV,2025,6,58.0,0.39
12,ZIKV,2025,7,75.0,0.5
12,ZIKV,2025,8,42.0,0.28
12,ZIKV,2025,9,41.0,0.28
12,ZIKV,2025,10,28.0,0.19
12,ZIKV,2025,11,26.0,0.17
12,ZIKV,2025,12,29.0,0.2
13,ZIKV,2016,1,86.0,3.91
13,ZIKV,2016,2,218.0,9.92
13,ZIKV,2016,3,244.0,11.1
13,ZIKV,2016,4,114.0,5.19
13,ZIKV,2016,5,46.0,2.09
13,ZIKV,2016,6,40.0,1.82
13,ZIKV,2016,7,28.0,1.27
13,ZIKV,2016,8,49.0,2.23
13,ZIKV,2016,9,28.0,1.27
13,ZIKV,2016,10,8.0,0.36
13,ZIKV,2016,11,8.0,0.36
13,ZIKV,2016,12,3.0,0.14
13,ZIKV,2017,1,7.0,0.32
13,ZIKV,2017,2,11.0,0.5
13,ZIKV,2017,3,4.0,0.18
13,ZIKV,2017,4,8.0,0.36
13,ZIKV,2017,5,3.0,0.14
13,ZIKV,2017,6,4.0,0.18
13,ZIKV,2017,7,1.0,0.05
13,ZIKV,2017,8,6.0,0.27
13,ZIKV,2017,9,5.0,0.23
13,ZIKV,2017,10,6.0,0.27
13,ZIKV,2017,11,4.0,0.18
13,ZIKV,2017,12,1.0,0.05
13,ZIKV,2018,1,4.0,0.18
13,ZIKV,2018,2,,
13,ZIKV,2018,3,3.0,0.13
13,ZIKV,2018,4,1.0,0.04
13,ZIKV,2018,5,6.0,0.27
13,ZIKV,2018,6,1.0,0.04
13,ZIKV,2018,7,,
13,ZIKV,2018,8,4.0,0.18
13,ZIKV,2018,9,2.0,0.09
13,ZIKV,2018,10,2.0,0.09
13,ZIKV,2018,11,1.0,0.04
13,ZIKV,2018,12,3.0,0.13
13,ZIKV,2019,1,5.0,0.22
13,ZIKV,2019,2,3.0,0.13
13,ZIKV,2019,3,14.0,0.62
13,ZIKV,2019,4,16.0,0.71
13,ZIKV,2019,5,45.0,2.01
13,ZIKV,2019,6,59.0,2.63
13,ZIKV,2019,7,113.0,5.04
13,ZIKV,2019,8,99.0,4.42
13,ZIKV,2019,9,36.0,1.61
13,ZIKV,2019,10,20.0,0.89
13,ZIKV,2019,11,21.0,0.94
13,ZIKV,2019,12,4.0,0.18
13,ZIKV,2020,1,5.0,0.22
13,ZIKV,2020,2,1.0,0.04
13,ZIKV,2020,3,24.0,1.06
13,ZIKV,2020,4,17.0,0.75
13,ZIKV,2020,5,16.0,0.71
13,ZIKV,2020,6,43.0,1.91
13,ZIKV,2020,7,74.0,3.28
13,ZIKV,2020,8,131.0,5.81
13,ZIKV,2020,9,68.0,3.02
13,ZIKV,2020,10,81.0,3.59
13,ZIKV,2020,11,46.0,2.04
13,ZIKV,2020,12,15.0,0.67
13,ZIKV,2021,1,5.0,0.22
13,ZIKV,2021,2,21.0,0.93
13,ZIKV,2021,3,15.0,0.66
13,ZIKV,2021,4,23.0,1.02
13,ZIKV,2021,5,36.0,1.59
13,ZIKV,2021,6,54.0,2.38
13,ZIKV,2021,7,144.0,6.36
13,ZIKV,2021,8,218.0,9.62
13,ZIKV,2021,9,213.0,9.4
13,ZIKV,2021,10,188.0,8.3
13,ZIKV,2021,11,107.0,4.72
13,ZIKV,2021,12,108.0,4.77
13,ZIKV,2022,1,134.0,5.89
13,ZIKV,2022,2,138.0,6.07
13,ZIKV,2022,3,134.0,5.89
13,ZIKV,2022,4,94.0,4.13
13,ZIKV,2022,5,243.0,10.69
13,ZIKV,2022,6,163.0,7.17
13,ZIKV,2022,7,163.0,7.17
13,ZIKV,2022,8,91.0,4.0
13,ZIKV,2022,9,74.0,3.25
13,ZIKV,2022,10,53.0,2.33
13,ZIKV,2022,11,38.0,1.67
13,ZIKV,2022,12,41.0,1.8
13,ZIKV,2023,1,35.0,1.53
13,ZIKV,2023,2,36.0,1.58
13,ZIKV,2023,3,98.0,4.29
13,ZIKV,2023,4,73.0,3.2
13,ZIKV,2023,5,89.0,3.9
13,ZIKV,2023,6,89.0,3.9
13,ZIKV,2023,7,121.0,5.3
13,ZIKV,2023,8,87.0,3.81
13,ZIKV,2023,9,44.0,1.93
13,ZIKV,2023,10,41.0,1.8
13,ZIKV,2023,11,30.0,1.31
13,ZIKV,2023,12,27.0,1.18
13,ZIKV,2024,1,21.0,0.92
13,ZIKV,2024,2,117.0,5.11
13,ZIKV,2024,3,260.0,11.35
13,ZIKV,2024,4,214.0,9.34
13,ZIKV,2024,5,102.0,4.45
13,ZIKV,2024,6,70.0,3.06
13,ZIKV,2024,7,59.0,2.58
13,ZIKV,2024,8,30.0,1.31
13,ZIKV,2024,9,18.0,0.79
13,ZIKV,2024,10,18.0,0.79
13,ZIKV,2024,11,1.0,0.04
13,ZIKV,2024,12,,
13,ZIKV,2025,1,3.0,0.13
13,ZIKV,2025,2,8.0,0.35
13,ZIKV,2025,3,23.0,1.0
13,ZIKV,2025,4,13.0,0.57
13,ZIKV,2025,5,11.0,0.48
13,ZIKV,2025,6,46.0,2.0
13,ZIKV,2025,7,29.0,1.26
13,ZIKV,2025,8,16.0,0.7
13,ZIKV,2025,9,9.0,0.39
13,ZIKV,2025,10,8.0,0.35
13,ZIKV,2025,11,10.0,0.43
13,ZIKV,2025,12,8.0,0.35
14,ZIKV,2016,1,84.0,2.63
14,ZIKV,2016,2,677.0,21.24
14,ZIKV,2016,3,1982.0,62.17
14,ZIKV,2016,4,1852.0,58.09
14,ZIKV,2016,5,1592.0,49.94
14,ZIKV,2016,6,1015.0,31.84
14,ZIKV,2016,7,567.0,17.79
14,ZIKV,2016,8,222.0,6.96
14,ZIKV,2016,9,62.0,1.94
14,ZIKV,2016,10,54.0,1.69
14,ZIKV,2016,11,20.0,0.63
14,ZIKV,2016,12,26.0,0.82
14,ZIKV,2017,1,24.0,0.75
14,ZIKV,2017,2,25.0,0.78
14,ZIKV,2017,3,35.0,1.1
14,ZIKV,2017,4,35.0,1.1
14,ZIKV,2017,5,21.0,0.66
14,ZIKV,2017,6,22.0,0.69
14,ZIKV,2017,7,34.0,1.06
14,ZIKV,2017,8,38.0,1.19
14,ZIKV,2017,9,21.0,0.66
14,ZIKV,2017,10,39.0,1.22
14,ZIKV,2017,11,38.0,1.19
14,ZIKV,2017,12,29.0,0.91
14,ZIKV,2018,1,21.0,0.66
14,ZIKV,2018,2,18.0,0.56
14,ZIKV,2018,3,32.0,1.0
14,ZIKV,2018,4,31.0,0.97
14,ZIKV,2018,5,41.0,1.28
14,ZIKV,2018,6,55.0,1.72
14,ZIKV,2018,7,54.0,1.69
14,ZIKV,2018,8,62.0,1.94
14,ZIKV,2018,9,37.0,1.16
14,ZIKV,2018,10,40.0,1.25
14,ZIKV,2018,11,24.0,0.75
14,ZIKV,2018,12,32.0,1.0
14,ZIKV,2019,1,29.0,0.9
14,ZIKV,2019,2,42.0,1.31
14,ZIKV,2019,3,60.0,1.87
14,ZIKV,2019,4,121.0,3.77
14,ZIKV,2019,5,234.0,7.29
14,ZIKV,2019,6,214.0,6.67
14,ZIKV,2019,7,306.0,9.54
14,ZIKV,2019,8,144.0,4.49
14,ZIKV,2019,9,101.0,3.15
14,ZIKV,2019,10,53.0,1.65
14,ZIKV,2019,11,23.0,0.72
14,ZIKV,2019,12,10.0,0.31
14,ZIKV,2020,1,14.0,0.44
14,ZIKV,2020,2,12.0,0.37
14,ZIKV,2020,3,14.0,0.44
14,ZIKV,2020,4,18.0,0.56
14,ZIKV,2020,5,12.0,0.37
14,ZIKV,2020,6,28.0,0.87
14,ZIKV,2020,7,64.0,1.99
14,ZIKV,2020,8,46.0,1.43
14,ZIKV,2020,9,23.0,0.72
14,ZIKV,2020,10,15.0,0.47
14,ZIKV,2020,11,12.0,0.37
14,ZIKV,2020,12,5.0,0.16
14,ZIKV,2021,1,1.0,0.03
14,ZIKV,2021,2,10.0,0.31
14,ZIKV,2021,3,3.0,0.09
14,ZIKV,2021,4,6.0,0.19
14,ZIKV,2021,5,15.0,0.47
14,ZIKV,2021,6,67.0,2.08
14,ZIKV,2021,7,75.0,2.33
14,ZIKV,2021,8,73.0,2.27
14,ZIKV,2021,9,59.0,1.83
14,ZIKV,2021,10,40.0,1.24
14,ZIKV,2021,11,45.0,1.4
14,ZIKV,2021,12,41.0,1.27
14,ZIKV,2022,1,16.0,0.5
14,ZIKV,2022,2,114.0,3.54
14,ZIKV,2022,3,19.0,0.59
14,ZIKV,2022,4,77.0,2.39
14,ZIKV,2022,5,237.0,7.36
14,ZIKV,2022,6,302.0,9.38
14,ZIKV,2022,7,278.0,8.64
14,ZIKV,2022,8,123.0,3.82
14,ZIKV,2022,9,54.0,1.68
14,ZIKV,2022,10,25.0,0.78
14,ZIKV,2022,11,21.0,0.65
14,ZIKV,2022,12,7.0,0.22
14,ZIKV,2023,1,14.0,0.43
14,ZIKV,2023,2,10.0,0.31
14,ZIKV,2023,3,14.0,0.43
14,ZIKV,2023,4,28.0,0.87
14,ZIKV,2023,5,13.0,0.4
14,ZIKV,2023,6,16.0,0.5
14,ZIKV,2023,7,25.0,0.78
14,ZIKV,2023,8,21.0,0.65
14,ZIKV,2023,9,19.0,0.59
14,ZIKV,2023,10,14.0,0.43
14,ZIKV,2023,11,12.0,0.37
14,ZIKV,2023,12,11.0,0.34
14,ZIKV,2024,1,11.0,0.34
14,ZIKV,2024,2,27.0,0.84
14,ZIKV,2024,3,28.0,0.87
14,ZIKV,2024,4,31.0,0.96
14,ZIKV,2024,5,27.0,0.84
14,ZIKV,2024,6,17.0,0.53
14,ZIKV,2024,7,39.0,1.21
14,ZIKV,2024,8,19.0,0.59
14,ZIKV,2024,9,14.0,0.43
14,ZIKV,2024,10,11.0,0.34
14,ZIKV,2024,11,7.0,0.22
14,ZIKV,2024,12,3.0,0.09
14,ZIKV,2025,1,8.0,0.25
14,ZIKV,2025,2,4.0,0.12
14,ZIKV,2025,3,8.0,0.25
14,ZIKV,2025,4,11.0,0.34
14,ZIKV,2025,5,5.0,0.16
14,ZIKV,2025,6,9.0,0.28
14,ZIKV,2025,7,18.0,0.56
14,ZIKV,2025,8,26.0,0.81
14,ZIKV,2025,9,32.0,0.99
14,ZIKV,2025,10,25.0,0.78
14,ZIKV,2025,11,20.0,0.62
14,ZIKV,2025,12,8.0,0.25
15,ZIKV,2016,1,362.0,3.91
15,ZIKV,2016,2,525.0,5.67
15,ZIKV,2016,3,335.0,3.62
15,ZIKV,2016,4,49.0,0.53
15,ZIKV,2016,5,26.0,0.28
15,ZIKV,2016,6,22.0,0.24
15,ZIKV,2016,7,31.0,0.33
15,ZIKV,2016,8,40.0,0.43
15,ZIKV,2016,9,61.0,0.66
15,ZIKV,2016,10,26.0,0.28
15,ZIKV,2016,11,32.0,0.35
15,ZIKV,2016,12,30.0,0.32
15,ZIKV,2017,1,24.0,0.26
15,ZIKV,2017,2,45.0,0.48
15,ZIKV,2017,3,68.0,0.73
15,ZIKV,2017,4,25.0,0.27
15,ZIKV,2017,5,59.0,0.63
15,ZIKV,2017,6,29.0,0.31
15,ZIKV,2017,7,14.0,0.15
15,ZIKV,2017,8,29.0,0.31
15,ZIKV,2017,9,15.0,0.16
15,ZIKV,2017,10,12.0,0.13
15,ZIKV,2017,11,7.0,0.08
15,ZIKV,2017,12,17.0,0.18
15,ZIKV,2018,1,28.0,0.3
15,ZIKV,2018,2,20.0,0.21
15,ZIKV,2018,3,33.0,0.35
15,ZIKV,2018,4,67.0,0.72
15,ZIKV,2018,5,71.0,0.76
15,ZIKV,2018,6,93.0,0.99
15,ZIKV,2018,7,99.0,1.06
15,ZIKV,2018,8,105.0,1.12
15,ZIKV,2018,9,64.0,0.68
15,ZIKV,2018,10,64.0,0.68
15,ZIKV,2018,11,91.0,0.97
15,ZIKV,2018,12,61.0,0.65
15,ZIKV,2019,1,127.0,1.35
15,ZIKV,2019,2,120.0,1.28
15,ZIKV,2019,3,231.0,2.46
15,ZIKV,2019,4,591.0,6.29
15,ZIKV,2019,5,819.0,8.72
15,ZIKV,2019,6,625.0,6.65
15,ZIKV,2019,7,503.0,5.35
15,ZIKV,2019,8,321.0,3.42
15,ZIKV,2019,9,196.0,2.09
15,ZIKV,2019,10,134.0,1.43
15,ZIKV,2019,11,119.0,1.27
15,ZIKV,2019,12,93.0,0.99
15,ZIKV,2020,1,125.0,1.32
15,ZIKV,2020,2,144.0,1.53
15,ZIKV,2020,3,120.0,1.27
15,ZIKV,2020,4,109.0,1.15
15,ZIKV,2020,5,262.0,2.78
15,ZIKV,2020,6,225.0,2.38
15,ZIKV,2020,7,323.0,3.42
15,ZIKV,2020,8,216.0,2.29
15,ZIKV,2020,9,143.0,1.51
15,ZIKV,2020,10,119.0,1.26
15,ZIKV,2020,11,132.0,1.4
15,ZIKV,2020,12,83.0,0.88
15,ZIKV,2021,1,92.0,0.97
15,ZIKV,2021,2,113.0,1.19
15,ZIKV,2021,3,313.0,3.31
15,ZIKV,2021,4,495.0,5.23
15,ZIKV,2021,5,886.0,9.36
15,ZIKV,2021,6,968.0,10.22
15,ZIKV,2021,7,547.0,5.78
15,ZIKV,2021,8,278.0,2.94
15,ZIKV,2021,9,170.0,1.8
15,ZIKV,2021,10,151.0,1.59
15,ZIKV,2021,11,239.0,2.52
15,ZIKV,2021,12,131.0,1.38
15,ZIKV,2022,1,94.0,0.99
15,ZIKV,2022,2,246.0,2.59
15,ZIKV,2022,3,380.0,4.0
15,ZIKV,2022,4,558.0,5.88
15,ZIKV,2022,5,1511.0,15.92
15,ZIKV,2022,6,913.0,9.62
15,ZIKV,2022,7,487.0,5.13
15,ZIKV,2022,8,317.0,3.34
15,ZIKV,2022,9,181.0,1.91
15,ZIKV,2022,10,130.0,1.37
15,ZIKV,2022,11,179.0,1.89
15,ZIKV,2022,12,155.0,1.63
15,ZIKV,2023,1,131.0,1.38
15,ZIKV,2023,2,118.0,1.24
15,ZIKV,2023,3,166.0,1.74
15,ZIKV,2023,4,155.0,1.63
15,ZIKV,2023,5,153.0,1.61
15,ZIKV,2023,6,135.0,1.42
15,ZIKV,2023,7,80.0,0.84
15,ZIKV,2023,8,77.0,0.81
15,ZIKV,2023,9,55.0,0.58
15,ZIKV,2023,10,24.0,0.25
15,ZIKV,2023,11,44.0,0.46
15,ZIKV,2023,12,54.0,0.57
15,ZIKV,2024,1,66.0,0.69
15,ZIKV,2024,2,338.0,3.54
15,ZIKV,2024,3,905.0,9.49
15,ZIKV,2024,4,704.0,7.38
15,ZIKV,2024,5,362.0,3.79
15,ZIKV,2024,6,238.0,2.5
15,ZIKV,2024,7,314.0,3.29
15,ZIKV,2024,8,190.0,1.99
15,ZIKV,2024,9,184.0,1.93
15,ZIKV,2024,10,104.0,1.09
15,ZIKV,2024,11,75.0,0.79
15,ZIKV,2024,12,66.0,0.69
15,ZIKV,2025,1,70.0,0.73
15,ZIKV,2025,2,109.0,1.14
15,ZIKV,2025,3,128.0,1.34
15,ZIKV,2025,4,200.0,2.09
15,ZIKV,2025,5,162.0,1.69
15,ZIKV,2025,6,130.0,1.36
15,ZIKV,2025,7,179.0,1.87
15,ZIKV,2025,8,225.0,2.35
15,ZIKV,2025,9,244.0,2.55
15,ZIKV,2025,10,164.0,1.72
15,ZIKV,2025,11,130.0,1.36
15,ZIKV,2025,12,117.0,1.22
16,ZIKV,2016,1,23.0,0.58
16,ZIKV,2016,2,635.0,16.05
16,ZIKV,2016,3,1363.0,34.44
16,ZIKV,2016,4,765.0,19.33
16,ZIKV,2016,5,714.0,18.04
16,ZIKV,2016,6,197.0,4.98
16,ZIKV,2016,7,158.0,3.99
16,ZIKV,2016,8,291.0,7.35
16,ZIKV,2016,9,10.0,0.25
16,ZIKV,2016,10,5.0,0.13
16,ZIKV,2016,11,9.0,0.23
16,ZIKV,2016,12,9.0,0.23
16,ZIKV,2017,1,17.0,0.43
16,ZIKV,2017,2,29.0,0.73
16,ZIKV,2017,3,46.0,1.16
16,ZIKV,2017,4,19.0,0.48
16,ZIKV,2017,5,9.0,0.23
16,ZIKV,2017,6,36.0,0.9
16,ZIKV,2017,7,15.0,0.38
16,ZIKV,2017,8,30.0,0.75
16,ZIKV,2017,9,14.0,0.35
16,ZIKV,2017,10,23.0,0.58
16,ZIKV,2017,11,39.0,0.98
16,ZIKV,2017,12,12.0,0.3
16,ZIKV,2018,1,30.0,0.75
16,ZIKV,2018,2,22.0,0.55
16,ZIKV,2018,3,34.0,0.85
16,ZIKV,2018,4,74.0,1.85
16,ZIKV,2018,5,118.0,2.94
16,ZIKV,2018,6,141.0,3.52
16,ZIKV,2018,7,90.0,2.25
16,ZIKV,2018,8,36.0,0.9
16,ZIKV,2018,9,35.0,0.87
16,ZIKV,2018,10,25.0,0.62
16,ZIKV,2018,11,49.0,1.22
16,ZIKV,2018,12,33.0,0.82
16,ZIKV,2019,1,23.0,0.57
16,ZIKV,2019,2,27.0,0.67
16,ZIKV,2019,3,30.0,0.74
16,ZIKV,2019,4,93.0,2.3
16,ZIKV,2019,5,111.0,2.75
16,ZIKV,2019,6,71.0,1.76
16,ZIKV,2019,7,98.0,2.43
16,ZIKV,2019,8,84.0,2.08
16,ZIKV,2019,9,76.0,1.88
16,ZIKV,2019,10,50.0,1.24
16,ZIKV,2019,11,32.0,0.79
16,ZIKV,2019,12,14.0,0.35
16,ZIKV,2020,1,8.0,0.2
16,ZIKV,2020,2,10.0,0.25
16,ZIKV,2020,3,6.0,0.15
16,ZIKV,2020,4,13.0,0.32
16,ZIKV,2020,5,31.0,0.76
16,ZIKV,2020,6,32.0,0.79
16,ZIKV,2020,7,40.0,0.98
16,ZIKV,2020,8,49.0,1.21
16,ZIKV,2020,9,25.0,0.62
16,ZIKV,2020,10,20.0,0.49
16,ZIKV,2020,11,14.0,0.34
16,ZIKV,2020,12,17.0,0.42
16,ZIKV,2021,1,15.0,0.37
16,ZIKV,2021,2,41.0,1.0
16,ZIKV,2021,3,86.0,2.1
16,ZIKV,2021,4,144.0,3.52
16,ZIKV,2021,5,330.0,8.07
16,ZIKV,2021,6,557.0,13.63
16,ZIKV,2021,7,554.0,13.55
16,ZIKV,2021,8,261.0,6.38
16,ZIKV,2021,9,193.0,4.72
16,ZIKV,2021,10,152.0,3.72
16,ZIKV,2021,11,124.0,3.03
16,ZIKV,2021,12,51.0,1.25
16,ZIKV,2022,1,37.0,0.9
16,ZIKV,2022,2,128.0,3.12
16,ZIKV,2022,3,298.0,7.26
16,ZIKV,2022,4,275.0,6.7
16,ZIKV,2022,5,527.0,12.83
16,ZIKV,2022,6,457.0,11.13
16,ZIKV,2022,7,393.0,9.57
16,ZIKV,2022,8,249.0,6.06
16,ZIKV,2022,9,90.0,2.19
16,ZIKV,2022,10,47.0,1.14
16,ZIKV,2022,11,32.0,0.78
16,ZIKV,2022,12,14.0,0.34
16,ZIKV,2023,1,15.0,0.36
16,ZIKV,2023,2,16.0,0.39
16,ZIKV,2023,3,26.0,0.63
16,ZIKV,2023,4,33.0,0.8
16,ZIKV,2023,5,52.0,1.26
16,ZIKV,2023,6,20.0,0.48
16,ZIKV,2023,7,11.0,0.27
16,ZIKV,2023,8,32.0,0.78
16,ZIKV,2023,9,20.0,0.48
16,ZIKV,2023,10,16.0,0.39
16,ZIKV,2023,11,15.0,0.36
16,ZIKV,2023,12,37.0,0.9
16,ZIKV,2024,1,30.0,0.72
16,ZIKV,2024,2,162.0,3.91
16,ZIKV,2024,3,1129.0,27.24
16,ZIKV,2024,4,623.0,15.03
16,ZIKV,2024,5,107.0,2.58
16,ZIKV,2024,6,16.0,0.39
16,ZIKV,2024,7,28.0,0.68
16,ZIKV,2024,8,25.0,0.6
16,ZIKV,2024,9,11.0,0.27
16,ZIKV,2024,10,18.0,0.43
16,ZIKV,2024,11,23.0,0.55
16,ZIKV,2024,12,9.0,0.22
16,ZIKV,2025,1,14.0,0.34
16,ZIKV,2025,2,9.0,0.22
16,ZIKV,2025,3,17.0,0.41
16,ZIKV,2025,4,8.0,0.19
16,ZIKV,2025,5,36.0,0.86
16,ZIKV,2025,6,15.0,0.36
16,ZIKV,2025,7,31.0,0.74
16,ZIKV,2025,8,32.0,0.77
16,ZIKV,2025,9,19.0,0.46
16,ZIKV,2025,10,19.0,0.46
16,ZIKV,2025,11,8.0,0.19
16,ZIKV,2025,12,4.0,0.1
17,ZIKV,2016,1,92.0,2.75
17,ZIKV,2016,2,647.0,19.36
17,ZIKV,2016,3,1682.0,50.32
17,ZIKV,2016,4,748.0,22.38
17,ZIKV,2016,5,501.0,14.99
17,ZIKV,2016,6,256.0,7.66
17,ZIKV,2016,7,207.0,6.19
17,ZIKV,2016,8,135.0,4.04
17,ZIKV,2016,9,62.0,1.86
17,ZIKV,2016,10,43.0,1.29
17,ZIKV,2016,11,60.0,1.8
17,ZIKV,2016,12,46.0,1.38
17,ZIKV,2017,1,56.0,1.67
17,ZIKV,2017,2,61.0,1.82
17,ZIKV,2017,3,56.0,1.67
17,ZIKV,2017,4,58.0,1.73
17,ZIKV,2017,5,35.0,1.04
17,ZIKV,2017,6,52.0,1.55
17,ZIKV,2017,7,51.0,1.52
17,ZIKV,2017,8,142.0,4.23
17,ZIKV,2017,9,40.0,1.19
17,ZIKV,2017,10,53.0,1.58
17,ZIKV,2017,11,49.0,1.46
17,ZIKV,2017,12,30.0,0.89
17,ZIKV,2018,1,98.0,2.9
17,ZIKV,2018,2,48.0,1.42
17,ZIKV,2018,3,64.0,1.9
17,ZIKV,2018,4,112.0,3.32
17,ZIKV,2018,5,71.0,2.1
17,ZIKV,2018,6,74.0,2.19
17,ZIKV,2018,7,305.0,9.04
17,ZIKV,2018,8,183.0,5.42
17,ZIKV,2018,9,87.0,2.58
17,ZIKV,2018,10,74.0,2.19
17,ZIKV,2018,11,52.0,1.54
17,ZIKV,2018,12,33.0,0.98
17,ZIKV,2019,1,27.0,0.8
17,ZIKV,2019,2,39.0,1.15
17,ZIKV,2019,3,52.0,1.53
17,ZIKV,2019,4,118.0,3.48
17,ZIKV,2019,5,265.0,7.81
17,ZIKV,2019,6,391.0,11.53
17,ZIKV,2019,7,293.0,8.64
17,ZIKV,2019,8,227.0,6.69
17,ZIKV,2019,9,113.0,3.33
17,ZIKV,2019,10,70.0,2.06
17,ZIKV,2019,11,32.0,0.94
17,ZIKV,2019,12,38.0,1.12
17,ZIKV,2020,1,39.0,1.14
17,ZIKV,2020,2,41.0,1.2
17,ZIKV,2020,3,69.0,2.02
17,ZIKV,2020,4,124.0,3.64
17,ZIKV,2020,5,168.0,4.93
17,ZIKV,2020,6,270.0,7.92
17,ZIKV,2020,7,365.0,10.71
17,ZIKV,2020,8,198.0,5.81
17,ZIKV,2020,9,83.0,2.44
17,ZIKV,2020,10,52.0,1.53
17,ZIKV,2020,11,48.0,1.41
17,ZIKV,2020,12,47.0,1.38
17,ZIKV,2021,1,15.0,0.44
17,ZIKV,2021,2,24.0,0.7
17,ZIKV,2021,3,34.0,0.99
17,ZIKV,2021,4,41.0,1.2
17,ZIKV,2021,5,131.0,3.83
17,ZIKV,2021,6,129.0,3.77
17,ZIKV,2021,7,144.0,4.21
17,ZIKV,2021,8,96.0,2.81
17,ZIKV,2021,9,76.0,2.22
17,ZIKV,2021,10,75.0,2.19
17,ZIKV,2021,11,81.0,2.37
17,ZIKV,2021,12,44.0,1.29
17,ZIKV,2022,1,27.0,0.79
17,ZIKV,2022,2,122.0,3.56
17,ZIKV,2022,3,209.0,6.1
17,ZIKV,2022,4,627.0,18.29
17,ZIKV,2022,5,2247.0,65.55
17,ZIKV,2022,6,2110.0,61.55
17,ZIKV,2022,7,1113.0,32.47
17,ZIKV,2022,8,881.0,25.7
17,ZIKV,2022,9,351.0,10.24
17,ZIKV,2022,10,149.0,4.35
17,ZIKV,2022,11,135.0,3.94
17,ZIKV,2022,12,77.0,2.25
17,ZIKV,2023,1,75.0,2.18
17,ZIKV,2023,2,94.0,2.74
17,ZIKV,2023,3,194.0,5.65
17,ZIKV,2023,4,361.0,10.51
17,ZIKV,2023,5,203.0,5.91
17,ZIKV,2023,6,113.0,3.29
17,ZIKV,2023,7,81.0,2.36
17,ZIKV,2023,8,76.0,2.21
17,ZIKV,2023,9,63.0,1.83
17,ZIKV,2023,10,58.0,1.69
17,ZIKV,2023,11,59.0,1.72
17,ZIKV,2023,12,31.0,0.9
17,ZIKV,2024,1,117.0,3.4
17,ZIKV,2024,2,340.0,9.87
17,ZIKV,2024,3,1109.0,32.18
17,ZIKV,2024,4,670.0,19.44
17,ZIKV,2024,5,272.0,7.89
17,ZIKV,2024,6,118.0,3.42
17,ZIKV,2024,7,151.0,4.38
17,ZIKV,2024,8,112.0,3.25
17,ZIKV,2024,9,72.0,2.09
17,ZIKV,2024,10,58.0,1.68
17,ZIKV,2024,11,35.0,1.02
17,ZIKV,2024,12,39.0,1.13
17,ZIKV,2025,1,72.0,2.08
17,ZIKV,2025,2,116.0,3.36
17,ZIKV,2025,3,241.0,6.97
17,ZIKV,2025,4,268.0,7.76
17,ZIKV,2025,5,189.0,5.47
17,ZIKV,2025,6,133.0,3.85
17,ZIKV,2025,7,200.0,5.79
17,ZIKV,2025,8,191.0,5.53
17,ZIKV,2025,9,136.0,3.94
17,ZIKV,2025,10,123.0,3.56
17,ZIKV,2025,11,74.0,2.14
17,ZIKV,2025,12,41.0,1.19
18,ZIKV,2016,1,155.0,1.75
18,ZIKV,2016,2,402.0,4.53
18,ZIKV,2016,3,1136.0,12.8
18,ZIKV,2016,4,1578.0,17.78
18,ZIKV,2016,5,2139.0,24.11
18,ZIKV,2016,6,1646.0,18.55
18,ZIKV,2016,7,764.0,8.61
18,ZIKV,2016,8,336.0,3.79
18,ZIKV,2016,9,219.0,2.47
18,ZIKV,2016,10,121.0,1.36
18,ZIKV,2016,11,112.0,1.26
18,ZIKV,2016,12,62.0,0.7
18,ZIKV,2017,1,226.0,2.53
18,ZIKV,2017,2,210.0,2.35
18,ZIKV,2017,3,693.0,7.77
18,ZIKV,2017,4,1052.0,11.79
18,ZIKV,2017,5,836.0,9.37
18,ZIKV,2017,6,271.0,3.04
18,ZIKV,2017,7,131.0,1.47
18,ZIKV,2017,8,62.0,0.69
18,ZIKV,2017,9,24.0,0.27
18,ZIKV,2017,10,28.0,0.31
18,ZIKV,2017,11,18.0,0.2
18,ZIKV,2017,12,18.0,0.2
18,ZIKV,2018,1,45.0,0.5
18,ZIKV,2018,2,86.0,0.96
18,ZIKV,2018,3,70.0,0.78
18,ZIKV,2018,4,93.0,1.04
18,ZIKV,2018,5,50.0,0.56
18,ZIKV,2018,6,84.0,0.94
18,ZIKV,2018,7,78.0,0.87
18,ZIKV,2018,8,40.0,0.45
18,ZIKV,2018,9,29.0,0.32
18,ZIKV,2018,10,24.0,0.27
18,ZIKV,2018,11,19.0,0.21
18,ZIKV,2018,12,14.0,0.16
18,ZIKV,2019,1,15.0,0.17
18,ZIKV,2019,2,58.0,0.64
18,ZIKV,2019,3,86.0,0.95
18,ZIKV,2019,4,92.0,1.02
18,ZIKV,2019,5,85.0,0.94
18,ZIKV,2019,6,54.0,0.6
18,ZIKV,2019,7,53.0,0.59
18,ZIKV,2019,8,63.0,0.7
18,ZIKV,2019,9,44.0,0.49
18,ZIKV,2019,10,38.0,0.42
18,ZIKV,2019,11,24.0,0.27
18,ZIKV,2019,12,21.0,0.23
18,ZIKV,2020,1,25.0,0.28
18,ZIKV,2020,2,51.0,0.56
18,ZIKV,2020,3,55.0,0.61
18,ZIKV,2020,4,59.0,0.65
18,ZIKV,2020,5,64.0,0.7
18,ZIKV,2020,6,81.0,0.89
18,ZIKV,2020,7,146.0,1.61
18,ZIKV,2020,8,116.0,1.28
18,ZIKV,2020,9,53.0,0.58
18,ZIKV,2020,10,30.0,0.33
18,ZIKV,2020,11,28.0,0.31
18,ZIKV,2020,12,31.0,0.34
18,ZIKV,2021,1,18.0,0.2
18,ZIKV,2021,2,90.0,0.99
18,ZIKV,2021,3,117.0,1.28
18,ZIKV,2021,4,192.0,2.1
18,ZIKV,2021,5,219.0,2.4
18,ZIKV,2021,6,211.0,2.31
18,ZIKV,2021,7,416.0,4.56
18,ZIKV,2021,8,202.0,2.21
18,ZIKV,2021,9,75.0,0.82
18,ZIKV,2021,10,68.0,0.74
18,ZIKV,2021,11,41.0,0.45
18,ZIKV,2021,12,39.0,0.43
18,ZIKV,2022,1,45.0,0.49
18,ZIKV,2022,2,123.0,1.34
18,ZIKV,2022,3,208.0,2.27
18,ZIKV,2022,4,346.0,3.78
18,ZIKV,2022,5,745.0,8.13
18,ZIKV,2022,6,573.0,6.25
18,ZIKV,2022,7,419.0,4.57
18,ZIKV,2022,8,221.0,2.41
18,ZIKV,2022,9,67.0,0.73
18,ZIKV,2022,10,52.0,0.57
18,ZIKV,2022,11,53.0,0.58
18,ZIKV,2022,12,44.0,0.48
18,ZIKV,2023,1,48.0,0.52
18,ZIKV,2023,2,106.0,1.15
18,ZIKV,2023,3,220.0,2.39
18,ZIKV,2023,4,178.0,1.94
18,ZIKV,2023,5,198.0,2.15
18,ZIKV,2023,6,102.0,1.11
18,ZIKV,2023,7,63.0,0.69
18,ZIKV,2023,8,56.0,0.61
18,ZIKV,2023,9,41.0,0.45
18,ZIKV,2023,10,48.0,0.52
18,ZIKV,2023,11,45.0,0.49
18,ZIKV,2023,12,42.0,0.46
18,ZIKV,2024,1,52.0,0.56
18,ZIKV,2024,2,233.0,2.52
18,ZIKV,2024,3,450.0,4.87
18,ZIKV,2024,4,545.0,5.9
18,ZIKV,2024,5,344.0,3.73
18,ZIKV,2024,6,177.0,1.92
18,ZIKV,2024,7,106.0,1.15
18,ZIKV,2024,8,107.0,1.16
18,ZIKV,2024,9,71.0,0.77
18,ZIKV,2024,10,56.0,0.61
18,ZIKV,2024,11,67.0,0.73
18,ZIKV,2024,12,47.0,0.51
18,ZIKV,2025,1,109.0,1.18
18,ZIKV,2025,2,165.0,1.78
18,ZIKV,2025,3,187.0,2.02
18,ZIKV,2025,4,274.0,2.96
18,ZIKV,2025,5,303.0,3.27
18,ZIKV,2025,6,153.0,1.65
18,ZIKV,2025,7,122.0,1.32
18,ZIKV,2025,8,133.0,1.43
18,ZIKV,2025,9,98.0,1.06
18,ZIKV,2025,10,64.0,0.69
18,ZIKV,2025,11,62.0,0.67
18,ZIKV,2025,12,68.0,0.73
19,ZIKV,2016,1,5.0,0.15
19,ZIKV,2016,2,37.0,1.13
19,ZIKV,2016,3,55.0,1.68
19,ZIKV,2016,4,154.0,4.71
19,ZIKV,2016,5,147.0,4.49
19,ZIKV,2016,6,77.0,2.35
19,ZIKV,2016,7,33.0,1.01
19,ZIKV,2016,8,14.0,0.43
19,ZIKV,2016,9,4.0,0.12
19,ZIKV,2016,10,2.0,0.06
19,ZIKV,2016,11,4.0,0.12
19,ZIKV,2016,12,6.0,0.18
19,ZIKV,2017,1,8.0,0.24
19,ZIKV,2017,2,6.0,0.18
19,ZIKV,2017,3,21.0,0.64
19,ZIKV,2017,4,55.0,1.67
19,ZIKV,2017,5,194.0,5.9
19,ZIKV,2017,6,133.0,4.05
19,ZIKV,2017,7,50.0,1.52
19,ZIKV,2017,8,32.0,0.97
19,ZIKV,2017,9,6.0,0.18
19,ZIKV,2017,10,7.0,0.21
19,ZIKV,2017,11,9.0,0.27
19,ZIKV,2017,12,4.0,0.12
19,ZIKV,2018,1,9.0,0.27
19,ZIKV,2018,2,6.0,0.18
19,ZIKV,2018,3,23.0,0.7
19,ZIKV,2018,4,12.0,0.36
19,ZIKV,2018,5,10.0,0.3
19,ZIKV,2018,6,9.0,0.27
19,ZIKV,2018,7,7.0,0.21
19,ZIKV,2018,8,8.0,0.24
19,ZIKV,2018,9,5.0,0.15
19,ZIKV,2018,10,4.0,0.12
19,ZIKV,2018,11,7.0,0.21
19,ZIKV,2018,12,4.0,0.12
19,ZIKV,2019,1,8.0,0.24
19,ZIKV,2019,2,8.0,0.24
19,ZIKV,2019,3,13.0,0.39
19,ZIKV,2019,4,21.0,0.63
19,ZIKV,2019,5,32.0,0.96
19,ZIKV,2019,6,28.0,0.84
19,ZIKV,2019,7,28.0,0.84
19,ZIKV,2019,8,16.0,0.48
19,ZIKV,2019,9,8.0,0.24
19,ZIKV,2019,10,,
19,ZIKV,2019,11,6.0,0.18
19,ZIKV,2019,12,10.0,0.3
19,ZIKV,2020,1,2.0,0.06
19,ZIKV,2020,2,2.0,0.06
19,ZIKV,2020,3,7.0,0.21
19,ZIKV,2020,4,6.0,0.18
19,ZIKV,2020,5,11.0,0.33
19,ZIKV,2020,6,8.0,0.24
19,ZIKV,2020,7,4.0,0.12
19,ZIKV,2020,8,1.0,0.03
19,ZIKV,2020,9,2.0,0.06
19,ZIKV,2020,10,1.0,0.03
19,ZIKV,2020,11,,
19,ZIKV,2020,12,1.0,0.03
19,ZIKV,2021,1,5.0,0.15
19,ZIKV,2021,2,4.0,0.12
19,ZIKV,2021,3,5.0,0.15
19,ZIKV,2021,4,3.0,0.09
19,ZIKV,2021,5,26.0,0.78
19,ZIKV,2021,6,5.0,0.15
19,ZIKV,2021,7,11.0,0.33
19,ZIKV,2021,8,18.0,0.54
19,ZIKV,2021,9,13.0,0.39
19,ZIKV,2021,10,4.0,0.12
19,ZIKV,2021,11,6.0,0.18
19,ZIKV,2021,12,2.0,0.06
19,ZIKV,2022,1,2.0,0.06
19,ZIKV,2022,2,8.0,0.24
19,ZIKV,2022,3,139.0,4.14
19,ZIKV,2022,4,106.0,3.16
19,ZIKV,2022,5,66.0,1.97
19,ZIKV,2022,6,34.0,1.01
19,ZIKV,2022,7,6.0,0.18
19,ZIKV,2022,8,5.0,0.15
19,ZIKV,2022,9,5.0,0.15
19,ZIKV,2022,10,7.0,0.21
19,ZIKV,2022,11,,
19,ZIKV,2022,12,4.0,0.12
19,ZIKV,2023,1,9.0,0.27
19,ZIKV,2023,2,16.0,0.48
19,ZIKV,2023,3,16.0,0.48
19,ZIKV,2023,4,23.0,0.68
19,ZIKV,2023,5,13.0,0.39
19,ZIKV,2023,6,4.0,0.12
19,ZIKV,2023,7,5.0,0.15
19,ZIKV,2023,8,5.0,0.15
19,ZIKV,2023,9,5.0,0.15
19,ZIKV,2023,10,4.0,0.12
19,ZIKV,2023,11,3.0,0.09
19,ZIKV,2023,12,3.0,0.09
19,ZIKV,2024,1,,
19,ZIKV,2024,2,6.0,0.18
19,ZIKV,2024,3,13.0,0.39
19,ZIKV,2024,4,12.0,0.36
19,ZIKV,2024,5,17.0,0.5
19,ZIKV,2024,6,14.0,0.41
19,ZIKV,2024,7,16.0,0.47
19,ZIKV,2024,8,1.0,0.03
19,ZIKV,2024,9,6.0,0.18
19,ZIKV,2024,10,3.0,0.09
19,ZIKV,2024,11,2.0,0.06
19,ZIKV,2024,12,4.0,0.12
19,ZIKV,2025,1,1.0,0.03
19,ZIKV,2025,2,8.0,0.24
19,ZIKV,2025,3,14.0,0.41
19,ZIKV,2025,4,19.0,0.56
19,ZIKV,2025,5,5.0,0.15
19,ZIKV,2025,6,9.0,0.27
19,ZIKV,2025,7,10.0,0.3
19,ZIKV,2025,8,5.0,0.15
19,ZIKV,2025,9,6.0,0.18
19,ZIKV,2025,10,1.0,0.03
19,ZIKV,2025,11,2.0,0.06
19,ZIKV,2025,12,3.0,0.09
20,ZIKV,2016,1,102.0,1.49
20,ZIKV,2016,2,714.0,10.4
20,ZIKV,2016,3,1360.0,19.81
20,ZIKV,2016,4,1245.0,18.14
20,ZIKV,2016,5,676.0,9.85
20,ZIKV,2016,6,327.0,4.76
20,ZIKV,2016,7,237.0,3.45
20,ZIKV,2016,8,158.0,2.3
20,ZIKV,2016,9,33.0,0.48
20,ZIKV,2016,10,72.0,1.05
20,ZIKV,2016,11,82.0,1.19
20,ZIKV,2016,12,25.0,0.36
20,ZIKV,2017,1,65.0,0.94
20,ZIKV,2017,2,112.0,1.63
20,ZIKV,2017,3,124.0,1.8
20,ZIKV,2017,4,71.0,1.03
20,ZIKV,2017,5,70.0,1.02
20,ZIKV,2017,6,63.0,0.91
20,ZIKV,2017,7,38.0,0.55
20,ZIKV,2017,8,41.0,0.6
20,ZIKV,2017,9,19.0,0.28
20,ZIKV,2017,10,11.0,0.16
20,ZIKV,2017,11,11.0,0.16
20,ZIKV,2017,12,5.0,0.07
20,ZIKV,2018,1,26.0,0.38
20,ZIKV,2018,2,16.0,0.23
20,ZIKV,2018,3,11.0,0.16
20,ZIKV,2018,4,21.0,0.3
20,ZIKV,2018,5,27.0,0.39
20,ZIKV,2018,6,17.0,0.25
20,ZIKV,2018,7,19.0,0.27
20,ZIKV,2018,8,11.0,0.16
20,ZIKV,2018,9,12.0,0.17
20,ZIKV,2018,10,17.0,0.25
20,ZIKV,2018,11,16.0,0.23
20,ZIKV,2018,12,19.0,0.27
20,ZIKV,2019,1,22.0,0.32
20,ZIKV,2019,2,13.0,0.19
20,ZIKV,2019,3,58.0,0.83
20,ZIKV,2019,4,59.0,0.85
20,ZIKV,2019,5,62.0,0.89
20,ZIKV,2019,6,67.0,0.96
20,ZIKV,2019,7,39.0,0.56
20,ZIKV,2019,8,36.0,0.52
20,ZIKV,2019,9,42.0,0.6
20,ZIKV,2019,10,26.0,0.37
20,ZIKV,2019,11,12.0,0.17
20,ZIKV,2019,12,28.0,0.4
20,ZIKV,2020,1,39.0,0.56
20,ZIKV,2020,2,22.0,0.32
20,ZIKV,2020,3,25.0,0.36
20,ZIKV,2020,4,17.0,0.24
20,ZIKV,2020,5,5.0,0.07
20,ZIKV,2020,6,9.0,0.13
20,ZIKV,2020,7,10.0,0.14
20,ZIKV,2020,8,15.0,0.22
20,ZIKV,2020,9,13.0,0.19
20,ZIKV,2020,10,9.0,0.13
20,ZIKV,2020,11,8.0,0.11
20,ZIKV,2020,12,9.0,0.13
20,ZIKV,2021,1,9.0,0.13
20,ZIKV,2021,2,7.0,0.1
20,ZIKV,2021,3,8.0,0.11
20,ZIKV,2021,4,2.0,0.03
20,ZIKV,2021,5,4.0,0.06
20,ZIKV,2021,6,11.0,0.16
20,ZIKV,2021,7,10.0,0.14
20,ZIKV,2021,8,10.0,0.14
20,ZIKV,2021,9,5.0,0.07
20,ZIKV,2021,10,10.0,0.14
20,ZIKV,2021,11,11.0,0.16
20,ZIKV,2021,12,9.0,0.13
20,ZIKV,2022,1,9.0,0.13
20,ZIKV,2022,2,17.0,0.24
20,ZIKV,2022,3,54.0,0.77
20,ZIKV,2022,4,112.0,1.6
20,ZIKV,2022,5,146.0,2.09
20,ZIKV,2022,6,294.0,4.2
20,ZIKV,2022,7,233.0,3.33
20,ZIKV,2022,8,134.0,1.91
20,ZIKV,2022,9,84.0,1.2
20,ZIKV,2022,10,88.0,1.26
20,ZIKV,2022,11,77.0,1.1
20,ZIKV,2022,12,67.0,0.96
20,ZIKV,2023,1,103.0,1.47
20,ZIKV,2023,2,170.0,2.43
20,ZIKV,2023,3,287.0,4.1
20,ZIKV,2023,4,272.0,3.88
20,ZIKV,2023,5,314.0,4.48
20,ZIKV,2023,6,247.0,3.53
20,ZIKV,2023,7,166.0,2.37
20,ZIKV,2023,8,145.0,2.07
20,ZIKV,2023,9,77.0,1.1
20,ZIKV,2023,10,38.0,0.54
20,ZIKV,2023,11,43.0,0.61
20,ZIKV,2023,12,27.0,0.39
20,ZIKV,2024,1,38.0,0.54
20,ZIKV,2024,2,217.0,3.1
20,ZIKV,2024,3,542.0,7.73
20,ZIKV,2024,4,412.0,5.88
20,ZIKV,2024,5,166.0,2.37
20,ZIKV,2024,6,87.0,1.24
20,ZIKV,2024,7,85.0,1.21
20,ZIKV,2024,8,65.0,0.93
20,ZIKV,2024,9,63.0,0.9
20,ZIKV,2024,10,37.0,0.53
20,ZIKV,2024,11,58.0,0.83
20,ZIKV,2024,12,75.0,1.07
20,ZIKV,2025,1,107.0,1.52
20,ZIKV,2025,2,148.0,2.11
20,ZIKV,2025,3,134.0,1.91
20,ZIKV,2025,4,126.0,1.8
20,ZIKV,2025,5,136.0,1.94
20,ZIKV,2025,6,91.0,1.3
20,ZIKV,2025,7,85.0,1.21
20,ZIKV,2025,8,78.0,1.11
20,ZIKV,2025,9,72.0,1.03
20,ZIKV,2025,10,58.0,0.83
20,ZIKV,2025,11,33.0,0.47
20,ZIKV,2025,12,37.0,0.53
21,ZIKV,2016,1,278.0,18.72
21,ZIKV,2016,2,1985.0,133.63
21,ZIKV,2016,3,2031.0,136.73
21,ZIKV,2016,4,799.0,53.79
21,ZIKV,2016,5,582.0,39.18
21,ZIKV,2016,6,314.0,21.14
21,ZIKV,2016,7,86.0,5.79
21,ZIKV,2016,8,59.0,3.97
21,ZIKV,2016,9,33.0,2.22
21,ZIKV,2016,10,23.0,1.55
21,ZIKV,2016,11,53.0,3.57
21,ZIKV,2016,12,57.0,3.84
21,ZIKV,2017,1,210.0,14.01
21,ZIKV,2017,2,425.0,28.36
21,ZIKV,2017,3,532.0,35.5
21,ZIKV,2017,4,497.0,33.17
21,ZIKV,2017,5,734.0,48.98
21,ZIKV,2017,6,395.0,26.36
21,ZIKV,2017,7,134.0,8.94
21,ZIKV,2017,8,139.0,9.28
21,ZIKV,2017,9,44.0,2.94
21,ZIKV,2017,10,46.0,3.07
21,ZIKV,2017,11,65.0,4.34
21,ZIKV,2017,12,53.0,3.54
21,ZIKV,2018,1,84.0,5.56
21,ZIKV,2018,2,65.0,4.3
21,ZIKV,2018,3,88.0,5.82
21,ZIKV,2018,4,146.0,9.66
21,ZIKV,2018,5,135.0,8.93
21,ZIKV,2018,6,71.0,4.7
21,ZIKV,2018,7,42.0,2.78
21,ZIKV,2018,8,61.0,4.04
21,ZIKV,2018,9,51.0,3.37
21,ZIKV,2018,10,74.0,4.9
21,ZIKV,2018,11,140.0,9.26
21,ZIKV,2018,12,379.0,25.07
21,ZIKV,2019,1,579.0,37.96
21,ZIKV,2019,2,775.0,50.81
21,ZIKV,2019,3,380.0,24.92
21,ZIKV,2019,4,263.0,17.24
21,ZIKV,2019,5,184.0,12.06
21,ZIKV,2019,6,79.0,5.18
21,ZIKV,2019,7,43.0,2.82
21,ZIKV,2019,8,22.0,1.44
21,ZIKV,2019,9,18.0,1.18
21,ZIKV,2019,10,31.0,2.03
21,ZIKV,2019,11,40.0,2.62
21,ZIKV,2019,12,56.0,3.67
21,ZIKV,2020,1,43.0,2.8
21,ZIKV,2020,2,34.0,2.21
21,ZIKV,2020,3,46.0,2.99
21,ZIKV,2020,4,41.0,2.67
21,ZIKV,2020,5,32.0,2.08
21,ZIKV,2020,6,23.0,1.5
21,ZIKV,2020,7,19.0,1.24
21,ZIKV,2020,8,11.0,0.72
21,ZIKV,2020,9,15.0,0.98
21,ZIKV,2020,10,17.0,1.11
21,ZIKV,2020,11,12.0,0.78
21,ZIKV,2020,12,17.0,1.11
21,ZIKV,2021,1,16.0,1.03
21,ZIKV,2021,2,35.0,2.26
21,ZIKV,2021,3,42.0,2.71
21,ZIKV,2021,4,45.0,2.91
21,ZIKV,2021,5,60.0,3.87
21,ZIKV,2021,6,63.0,4.07
21,ZIKV,2021,7,49.0,3.16
21,ZIKV,2021,8,56.0,3.62
21,ZIKV,2021,9,33.0,2.13
21,ZIKV,2021,10,33.0,2.13
21,ZIKV,2021,11,98.0,6.33
21,ZIKV,2021,12,247.0,15.95
21,ZIKV,2022,1,185.0,11.88
21,ZIKV,2022,2,195.0,12.52
21,ZIKV,2022,3,187.0,12.01
21,ZIKV,2022,4,293.0,18.81
21,ZIKV,2022,5,523.0,33.58
21,ZIKV,2022,6,360.0,23.11
21,ZIKV,2022,7,149.0,9.57
21,ZIKV,2022,8,82.0,5.26
21,ZIKV,2022,9,35.0,2.25
21,ZIKV,2022,10,43.0,2.76
21,ZIKV,2022,11,48.0,3.08
21,ZIKV,2022,12,77.0,4.94
21,ZIKV,2023,1,383.0,24.44
21,ZIKV,2023,2,704.0,44.92
21,ZIKV,2023,3,752.0,47.98
21,ZIKV,2023,4,539.0,34.39
21,ZIKV,2023,5,258.0,16.46
21,ZIKV,2023,6,125.0,7.98
21,ZIKV,2023,7,79.0,5.04
21,ZIKV,2023,8,52.0,3.32
21,ZIKV,2023,9,44.0,2.81
21,ZIKV,2023,10,43.0,2.74
21,ZIKV,2023,11,49.0,3.13
21,ZIKV,2023,12,57.0,3.64
21,ZIKV,2024,1,117.0,7.42
21,ZIKV,2024,2,295.0,18.7
21,ZIKV,2024,3,340.0,21.56
21,ZIKV,2024,4,578.0,36.64
21,ZIKV,2024,5,286.0,18.13
21,ZIKV,2024,6,111.0,7.04
21,ZIKV,2024,7,59.0,3.74
21,ZIKV,2024,8,43.0,2.73
21,ZIKV,2024,9,35.0,2.22
21,ZIKV,2024,10,31.0,1.97
21,ZIKV,2024,11,43.0,2.73
21,ZIKV,2024,12,36.0,2.28
21,ZIKV,2025,1,76.0,4.79
21,ZIKV,2025,2,91.0,5.73
21,ZIKV,2025,3,93.0,5.86
21,ZIKV,2025,4,93.0,5.86
21,ZIKV,2025,5,101.0,6.36
21,ZIKV,2025,6,63.0,3.97
21,ZIKV,2025,7,41.0,2.58
21,ZIKV,2025,8,33.0,2.08
21,ZIKV,2025,9,26.0,1.64
21,ZIKV,2025,10,34.0,2.14
21,ZIKV,2025,11,36.0,2.27
21,ZIKV,2025,12,48.0,3.02
22,ZIKV,2016,1,6.0,0.79
22,ZIKV,2016,2,43.0,5.68
22,ZIKV,2016,3,83.0,10.97
22,ZIKV,2016,4,93.0,12.29
22,ZIKV,2016,5,124.0,16.38
22,ZIKV,2016,6,163.0,21.53
22,ZIKV,2016,7,134.0,17.7
22,ZIKV,2016,8,190.0,25.1
22,ZIKV,2016,9,98.0,12.95
22,ZIKV,2016,10,67.0,8.85
22,ZIKV,2016,11,36.0,4.76
22,ZIKV,2016,12,20.0,2.64
22,ZIKV,2017,1,14.0,1.83
22,ZIKV,2017,2,5.0,0.65
22,ZIKV,2017,3,23.0,3.0
22,ZIKV,2017,4,9.0,1.18
22,ZIKV,2017,5,15.0,1.96
22,ZIKV,2017,6,7.0,0.91
22,ZIKV,2017,7,4.0,0.52
22,ZIKV,2017,8,8.0,1.04
22,ZIKV,2017,9,5.0,0.65
22,ZIKV,2017,10,10.0,1.31
22,ZIKV,2017,11,3.0,0.39
22,ZIKV,2017,12,6.0,0.78
22,ZIKV,2018,1,8.0,1.04
22,ZIKV,2018,2,14.0,1.81
22,ZIKV,2018,3,7.0,0.91
22,ZIKV,2018,4,7.0,0.91
22,ZIKV,2018,5,9.0,1.16
22,ZIKV,2018,6,4.0,0.52
22,ZIKV,2018,7,9.0,1.16
22,ZIKV,2018,8,11.0,1.42
22,ZIKV,2018,9,9.0,1.16
22,ZIKV,2018,10,19.0,2.46
22,ZIKV,2018,11,20.0,2.59
22,ZIKV,2018,12,9.0,1.16
22,ZIKV,2019,1,7.0,0.9
22,ZIKV,2019,2,19.0,2.44
22,ZIKV,2019,3,25.0,3.21
22,ZIKV,2019,4,29.0,3.72
22,ZIKV,2019,5,5.0,0.64
22,ZIKV,2019,6,15.0,1.92
22,ZIKV,2019,7,3.0,0.38
22,ZIKV,2019,8,1.0,0.13
22,ZIKV,2019,9,,
22,ZIKV,2019,10,4.0,0.51
22,ZIKV,2019,11,7.0,0.9
22,ZIKV,2019,12,6.0,0.77
22,ZIKV,2020,1,3.0,0.38
22,ZIKV,2020,2,8.0,1.02
22,ZIKV,2020,3,3.0,0.38
22,ZIKV,2020,4,1.0,0.13
22,ZIKV,2020,5,,
22,ZIKV,2020,6,1.0,0.13
22,ZIKV,2020,7,1.0,0.13
22,ZIKV,2020,8,,
22,ZIKV,2020,9,4.0,0.51
22,ZIKV,2020,10,2.0,0.25
22,ZIKV,2020,11,1.0,0.13
22,ZIKV,2020,12,3.0,0.38
22,ZIKV,2021,1,2.0,0.25
22,ZIKV,2021,2,4.0,0.51
22,ZIKV,2021,3,6.0,0.76
22,ZIKV,2021,4,4.0,0.51
22,ZIKV,2021,5,8.0,1.01
22,ZIKV,2021,6,6.0,0.76
22,ZIKV,2021,7,14.0,1.77
22,ZIKV,2021,8,24.0,3.03
22,ZIKV,2021,9,21.0,2.66
22,ZIKV,2021,10,10.0,1.26
22,ZIKV,2021,11,6.0,0.76
22,ZIKV,2021,12,4.0,0.51
22,ZIKV,2022,1,2.0,0.25
22,ZIKV,2022,2,7.0,0.88
22,ZIKV,2022,3,19.0,2.39
22,ZIKV,2022,4,27.0,3.39
22,ZIKV,2022,5,27.0,3.39
22,ZIKV,2022,6,10.0,1.26
22,ZIKV,2022,7,5.0,0.63
22,ZIKV,2022,8,7.0,0.88
22,ZIKV,2022,9,7.0,0.88
22,ZIKV,2022,10,1.0,0.13
22,ZIKV,2022,11,1.0,0.13
22,ZIKV,2022,12,1.0,0.13
22,ZIKV,2023,1,2.0,0.25
22,ZIKV,2023,2,1.0,0.13
22,ZIKV,2023,3,3.0,0.38
22,ZIKV,2023,4,3.0,0.38
22,ZIKV,2023,5,5.0,0.63
22,ZIKV,2023,6,10.0,1.25
22,ZIKV,2023,7,5.0,0.63
22,ZIKV,2023,8,7.0,0.88
22,ZIKV,2023,9,3.0,0.38
22,ZIKV,2023,10,5.0,0.63
22,ZIKV,2023,11,18.0,2.25
22,ZIKV,2023,12,11.0,1.38
22,ZIKV,2024,1,23.0,2.86
22,ZIKV,2024,2,55.0,6.85
22,ZIKV,2024,3,47.0,5.85
22,ZIKV,2024,4,69.0,8.59
22,ZIKV,2024,5,36.0,4.48
22,ZIKV,2024,6,48.0,5.98
22,ZIKV,2024,7,45.0,5.61
22,ZIKV,2024,8,46.0,5.73
22,ZIKV,2024,9,21.0,2.62
22,ZIKV,2024,10,16.0,1.99
22,ZIKV,2024,11,6.0,0.75
22,ZIKV,2024,12,8.0,1.0
22,ZIKV,2025,1,10.0,1.24
22,ZIKV,2025,2,32.0,3.97
22,ZIKV,2025,3,15.0,1.86
22,ZIKV,2025,4,25.0,3.1
22,ZIKV,2025,5,16.0,1.98
22,ZIKV,2025,6,12.0,1.49
22,ZIKV,2025,7,7.0,0.87
22,ZIKV,2025,8,14.0,1.74
22,ZIKV,2025,9,15.0,1.86
22,ZIKV,2025,10,11.0,1.36
22,ZIKV,2025,11,2.0,0.25
22,ZIKV,2025,12,,
23,ZIKV,2016,1,593.0,7.22
23,ZIKV,2016,2,1742.0,21.22
23,ZIKV,2016,3,1777.0,21.65
23,ZIKV,2016,4,782.0,9.53
23,ZIKV,2016,5,459.0,5.59
23,ZIKV,2016,6,363.0,4.42
23,ZIKV,2016,7,253.0,3.08
23,ZIKV,2016,8,189.0,2.3
23,ZIKV,2016,9,94.0,1.15
23,ZIKV,2016,10,69.0,0.84
23,ZIKV,2016,11,84.0,1.02
23,ZIKV,2016,12,227.0,2.77
23,ZIKV,2017,1,472.0,5.7
23,ZIKV,2017,2,378.0,4.57
23,ZIKV,2017,3,187.0,2.26
23,ZIKV,2017,4,89.0,1.08
23,ZIKV,2017,5,72.0,0.87
23,ZIKV,2017,6,57.0,0.69
23,ZIKV,2017,7,48.0,0.58
23,ZIKV,2017,8,39.0,0.47
23,ZIKV,2017,9,31.0,0.37
23,ZIKV,2017,10,31.0,0.37
23,ZIKV,2017,11,29.0,0.35
23,ZIKV,2017,12,23.0,0.28
23,ZIKV,2018,1,61.0,0.73
23,ZIKV,2018,2,74.0,0.89
23,ZIKV,2018,3,101.0,1.21
23,ZIKV,2018,4,107.0,1.28
23,ZIKV,2018,5,84.0,1.01
23,ZIKV,2018,6,60.0,0.72
23,ZIKV,2018,7,36.0,0.43
23,ZIKV,2018,8,60.0,0.72
23,ZIKV,2018,9,45.0,0.54
23,ZIKV,2018,10,67.0,0.8
23,ZIKV,2018,11,75.0,0.9
23,ZIKV,2018,12,38.0,0.46
23,ZIKV,2019,1,57.0,0.68
23,ZIKV,2019,2,91.0,1.08
23,ZIKV,2019,3,56.0,0.67
23,ZIKV,2019,4,40.0,0.48
23,ZIKV,2019,5,25.0,0.3
23,ZIKV,2019,6,17.0,0.2
23,ZIKV,2019,7,10.0,0.12
23,ZIKV,2019,8,16.0,0.19
23,ZIKV,2019,9,16.0,0.19
23,ZIKV,2019,10,20.0,0.24
23,ZIKV,2019,11,29.0,0.35
23,ZIKV,2019,12,25.0,0.3
23,ZIKV,2020,1,61.0,0.72
23,ZIKV,2020,2,77.0,0.91
23,ZIKV,2020,3,151.0,1.78
23,ZIKV,2020,4,54.0,0.64
23,ZIKV,2020,5,17.0,0.2
23,ZIKV,2020,6,9.0,0.11
23,ZIKV,2020,7,9.0,0.11
23,ZIKV,2020,8,4.0,0.05
23,ZIKV,2020,9,9.0,0.11
23,ZIKV,2020,10,14.0,0.17
23,ZIKV,2020,11,16.0,0.19
23,ZIKV,2020,12,8.0,0.09
23,ZIKV,2021,1,9.0,0.11
23,ZIKV,2021,2,12.0,0.14
23,ZIKV,2021,3,30.0,0.35
23,ZIKV,2021,4,22.0,0.26
23,ZIKV,2021,5,54.0,0.63
23,ZIKV,2021,6,25.0,0.29
23,ZIKV,2021,7,24.0,0.28
23,ZIKV,2021,8,13.0,0.15
23,ZIKV,2021,9,13.0,0.15
23,ZIKV,2021,10,5.0,0.06
23,ZIKV,2021,11,16.0,0.19
23,ZIKV,2021,12,18.0,0.21
23,ZIKV,2022,1,37.0,0.43
23,ZIKV,2022,2,49.0,0.57
23,ZIKV,2022,3,61.0,0.71
23,ZIKV,2022,4,76.0,0.89
23,ZIKV,2022,5,139.0,1.62
23,ZIKV,2022,6,59.0,0.69
23,ZIKV,2022,7,21.0,0.25
23,ZIKV,2022,8,21.0,0.25
23,ZIKV,2022,9,22.0,0.26
23,ZIKV,2022,10,13.0,0.15
23,ZIKV,2022,11,39.0,0.46
23,ZIKV,2022,12,34.0,0.4
23,ZIKV,2023,1,40.0,0.46
23,ZIKV,2023,2,28.0,0.32
23,ZIKV,2023,3,62.0,0.72
23,ZIKV,2023,4,46.0,0.53
23,ZIKV,2023,5,61.0,0.71
23,ZIKV,2023,6,28.0,0.32
23,ZIKV,2023,7,35.0,0.41
23,ZIKV,2023,8,55.0,0.64
23,ZIKV,2023,9,23.0,0.27
23,ZIKV,2023,10,36.0,0.42
23,ZIKV,2023,11,26.0,0.3
23,ZIKV,2023,12,20.0,0.23
23,ZIKV,2024,1,53.0,0.61
23,ZIKV,2024,2,212.0,2.45
23,ZIKV,2024,3,166.0,1.92
23,ZIKV,2024,4,153.0,1.77
23,ZIKV,2024,5,77.0,0.89
23,ZIKV,2024,6,54.0,0.62
23,ZIKV,2024,7,40.0,0.46
23,ZIKV,2024,8,41.0,0.47
23,ZIKV,2024,9,27.0,0.31
23,ZIKV,2024,10,24.0,0.28
23,ZIKV,2024,11,32.0,0.37
23,ZIKV,2024,12,24.0,0.28
23,ZIKV,2025,1,45.0,0.52
23,ZIKV,2025,2,87.0,1.0
23,ZIKV,2025,3,44.0,0.51
23,ZIKV,2025,4,56.0,0.64
23,ZIKV,2025,5,61.0,0.7
23,ZIKV,2025,6,58.0,0.67
23,ZIKV,2025,7,41.0,0.47
23,ZIKV,2025,8,44.0,0.51
23,ZIKV,2025,9,29.0,0.33
23,ZIKV,2025,10,24.0,0.28
23,ZIKV,2025,11,27.0,0.31
23,ZIKV,2025,12,11.0,0.13
24,ZIKV,2016,1,2.0,0.36
24,ZIKV,2016,2,25.0,4.56
24,ZIKV,2016,3,45.0,8.21
24,ZIKV,2016,4,39.0,7.11
24,ZIKV,2016,5,33.0,6.02
24,ZIKV,2016,6,35.0,6.38
24,ZIKV,2016,7,45.0,8.21
24,ZIKV,2016,8,44.0,8.03
24,ZIKV,2016,9,23.0,4.2
24,ZIKV,2016,10,22.0,4.01
24,ZIKV,2016,11,30.0,5.47
24,ZIKV,2016,12,19.0,3.47
24,ZIKV,2017,1,35.0,6.21
24,ZIKV,2017,2,58.0,10.28
24,ZIKV,2017,3,107.0,18.97
24,ZIKV,2017,4,84.0,14.89
24,ZIKV,2017,5,121.0,21.45
24,ZIKV,2017,6,145.0,25.71
24,ZIKV,2017,7,168.0,29.79
24,ZIKV,2017,8,70.0,12.41
24,ZIKV,2017,9,28.0,4.96
24,ZIKV,2017,10,14.0,2.48
24,ZIKV,2017,11,13.0,2.3
24,ZIKV,2017,12,12.0,2.13
24,ZIKV,2018,1,5.0,0.85
24,ZIKV,2018,2,9.0,1.53
24,ZIKV,2018,3,8.0,1.36
24,ZIKV,2018,4,9.0,1.53
24,ZIKV,2018,5,19.0,3.23
24,ZIKV,2018,6,15.0,2.55
24,ZIKV,2018,7,17.0,2.89
24,ZIKV,2018,8,23.0,3.91
24,ZIKV,2018,9,19.0,3.23
24,ZIKV,2018,10,8.0,1.36
24,ZIKV,2018,11,7.0,1.19
24,ZIKV,2018,12,16.0,2.72
24,ZIKV,2019,1,10.0,1.62
24,ZIKV,2019,2,16.0,2.59
24,ZIKV,2019,3,11.0,1.78
24,ZIKV,2019,4,11.0,1.78
24,ZIKV,2019,5,7.0,1.13
24,ZIKV,2019,6,10.0,1.62
24,ZIKV,2019,7,7.0,1.13
24,ZIKV,2019,8,21.0,3.4
24,ZIKV,2019,9,36.0,5.82
24,ZIKV,2019,10,45.0,7.28
24,ZIKV,2019,11,10.0,1.62
24,ZIKV,2019,12,7.0,1.13
24,ZIKV,2020,1,23.0,3.59
24,ZIKV,2020,2,24.0,3.74
24,ZIKV,2020,3,13.0,2.03
24,ZIKV,2020,4,,
24,ZIKV,2020,5,2.0,0.31
24,ZIKV,2020,6,,
24,ZIKV,2020,7,3.0,0.47
24,ZIKV,2020,8,3.0,0.47
24,ZIKV,2020,9,1.0,0.16
24,ZIKV,2020,10,3.0,0.47
24,ZIKV,2020,11,,
24,ZIKV,2020,12,,
24,ZIKV,2021,1,2.0,0.31
24,ZIKV,2021,2,,
24,ZIKV,2021,3,9.0,1.37
24,ZIKV,2021,4,19.0,2.9
24,ZIKV,2021,5,26.0,3.97
24,ZIKV,2021,6,33.0,5.04
24,ZIKV,2021,7,18.0,2.75
24,ZIKV,2021,8,25.0,3.82
24,ZIKV,2021,9,23.0,3.51
24,ZIKV,2021,10,11.0,1.68
24,ZIKV,2021,11,13.0,1.98
24,ZIKV,2021,12,13.0,1.98
24,ZIKV,2022,1,8.0,1.19
24,ZIKV,2022,2,8.0,1.19
24,ZIKV,2022,3,5.0,0.74
24,ZIKV,2022,4,11.0,1.63
24,ZIKV,2022,5,14.0,2.08
24,ZIKV,2022,6,10.0,1.48
24,ZIKV,2022,7,11.0,1.63
24,ZIKV,2022,8,19.0,2.82
24,ZIKV,2022,9,11.0,1.63
24,ZIKV,2022,10,7.0,1.04
24,ZIKV,2022,11,10.0,1.48
24,ZIKV,2022,12,3.0,0.45
24,ZIKV,2023,1,5.0,0.72
24,ZIKV,2023,2,32.0,4.6
24,ZIKV,2023,3,14.0,2.01
24,ZIKV,2023,4,10.0,1.44
24,ZIKV,2023,5,,
24,ZIKV,2023,6,7.0,1.01
24,ZIKV,2023,7,24.0,3.45
24,ZIKV,2023,8,119.0,17.12
24,ZIKV,2023,9,40.0,5.75
24,ZIKV,2023,10,17.0,2.45
24,ZIKV,2023,11,14.0,2.01
24,ZIKV,2023,12,18.0,2.59
24,ZIKV,2024,1,23.0,3.21
24,ZIKV,2024,2,63.0,8.79
24,ZIKV,2024,3,57.0,7.95
24,ZIKV,2024,4,31.0,4.32
24,ZIKV,2024,5,125.0,17.44
24,ZIKV,2024,6,60.0,8.37
24,ZIKV,2024,7,11.0,1.53
24,ZIKV,2024,8,18.0,2.51
24,ZIKV,2024,9,91.0,12.7
24,ZIKV,2024,10,14.0,1.95
24,ZIKV,2024,11,15.0,2.09
24,ZIKV,2024,12,15.0,2.09
24,ZIKV,2025,1,9.0,1.22
24,ZIKV,2025,2,13.0,1.76
24,ZIKV,2025,3,6.0,0.81
24,ZIKV,2025,4,10.0,1.35
24,ZIKV,2025,5,18.0,2.44
24,ZIKV,2025,6,13.0,1.76
24,ZIKV,2025,7,6.0,0.81
24,ZIKV,2025,8,11.0,1.49
24,ZIKV,2025,9,10.0,1.35
24,ZIKV,2025,10,4.0,0.54
24,ZIKV,2025,11,3.0,0.41
24,ZIKV,2025,12,4.0,0.54
25,ZIKV,2016,1,518.0,13.23
25,ZIKV,2016,2,986.0,25.19
25,ZIKV,2016,3,1073.0,27.41
25,ZIKV,2016,4,1461.0,37.32
25,ZIKV,2016,5,999.0,25.52
25,ZIKV,2016,6,430.0,10.98
25,ZIKV,2016,7,241.0,6.16
25,ZIKV,2016,8,108.0,2.76
25,ZIKV,2016,9,44.0,1.12
25,ZIKV,2016,10,36.0,0.92
25,ZIKV,2016,11,46.0,1.18
25,ZIKV,2016,12,81.0,2.07
25,ZIKV,2017,1,124.0,3.13
25,ZIKV,2017,2,120.0,3.03
25,ZIKV,2017,3,152.0,3.83
25,ZIKV,2017,4,78.0,1.97
25,ZIKV,2017,5,75.0,1.89
25,ZIKV,2017,6,36.0,0.91
25,ZIKV,2017,7,28.0,0.71
25,ZIKV,2017,8,29.0,0.73
25,ZIKV,2017,9,5.0,0.13
25,ZIKV,2017,10,9.0,0.23
25,ZIKV,2017,11,20.0,0.5
25,ZIKV,2017,12,23.0,0.58
25,ZIKV,2018,1,39.0,0.97
25,ZIKV,2018,2,25.0,0.62
25,ZIKV,2018,3,67.0,1.67
25,ZIKV,2018,4,84.0,2.09
25,ZIKV,2018,5,72.0,1.79
25,ZIKV,2018,6,45.0,1.12
25,ZIKV,2018,7,61.0,1.52
25,ZIKV,2018,8,30.0,0.75
25,ZIKV,2018,9,17.0,0.42
25,ZIKV,2018,10,11.0,0.27
25,ZIKV,2018,11,10.0,0.25
25,ZIKV,2018,12,8.0,0.2
25,ZIKV,2019,1,6.0,0.15
25,ZIKV,2019,2,12.0,0.29
25,ZIKV,2019,3,24.0,0.59
25,ZIKV,2019,4,18.0,0.44
25,ZIKV,2019,5,13.0,0.32
25,ZIKV,2019,6,19.0,0.47
25,ZIKV,2019,7,12.0,0.29
25,ZIKV,2019,8,7.0,0.17
25,ZIKV,2019,9,4.0,0.1
25,ZIKV,2019,10,2.0,0.05
25,ZIKV,2019,11,1.0,0.02
25,ZIKV,2019,12,4.0,0.1
25,ZIKV,2020,1,10.0,0.24
25,ZIKV,2020,2,19.0,0.46
25,ZIKV,2020,3,17.0,0.41
25,ZIKV,2020,4,1.0,0.02
25,ZIKV,2020,5,4.0,0.1
25,ZIKV,2020,6,15.0,0.36
25,ZIKV,2020,7,8.0,0.19
25,ZIKV,2020,8,7.0,0.17
25,ZIKV,2020,9,6.0,0.15
25,ZIKV,2020,10,7.0,0.17
25,ZIKV,2020,11,9.0,0.22
25,ZIKV,2020,12,6.0,0.15
25,ZIKV,2021,1,10.0,0.24
25,ZIKV,2021,2,15.0,0.36
25,ZIKV,2021,3,12.0,0.29
25,ZIKV,2021,4,28.0,0.67
25,ZIKV,2021,5,22.0,0.53
25,ZIKV,2021,6,19.0,0.46
25,ZIKV,2021,7,40.0,0.96
25,ZIKV,2021,8,21.0,0.5
25,ZIKV,2021,9,15.0,0.36
25,ZIKV,2021,10,14.0,0.34
25,ZIKV,2021,11,12.0,0.29
25,ZIKV,2021,12,7.0,0.17
25,ZIKV,2022,1,5.0,0.12
25,ZIKV,2022,2,21.0,0.5
25,ZIKV,2022,3,70.0,1.67
25,ZIKV,2022,4,91.0,2.17
25,ZIKV,2022,5,31.0,0.74
25,ZIKV,2022,6,22.0,0.52
25,ZIKV,2022,7,27.0,0.64
25,ZIKV,2022,8,18.0,0.43
25,ZIKV,2022,9,13.0,0.31
25,ZIKV,2022,10,20.0,0.48
25,ZIKV,2022,11,20.0,0.48
25,ZIKV,2022,12,18.0,0.43
25,ZIKV,2023,1,36.0,0.85
25,ZIKV,2023,2,81.0,1.91
25,ZIKV,2023,3,32.0,0.75
25,ZIKV,2023,4,62.0,1.46
25,ZIKV,2023,5,33.0,0.78
25,ZIKV,2023,6,25.0,0.59
25,ZIKV,2023,7,25.0,0.59
25,ZIKV,2023,8,22.0,0.52
25,ZIKV,2023,9,12.0,0.28
25,ZIKV,2023,10,9.0,0.21
25,ZIKV,2023,11,13.0,0.31
25,ZIKV,2023,12,17.0,0.4
25,ZIKV,2024,1,32.0,0.75
25,ZIKV,2024,2,74.0,1.73
25,ZIKV,2024,3,23.0,0.54
25,ZIKV,2024,4,51.0,1.19
25,ZIKV,2024,5,11.0,0.26
25,ZIKV,2024,6,6.0,0.14
25,ZIKV,2024,7,17.0,0.4
25,ZIKV,2024,8,17.0,0.4
25,ZIKV,2024,9,22.0,0.51
25,ZIKV,2024,10,19.0,0.44
25,ZIKV,2024,11,14.0,0.33
25,ZIKV,2024,12,7.0,0.16
25,ZIKV,2025,1,16.0,0.37
25,ZIKV,2025,2,27.0,0.62
25,ZIKV,2025,3,20.0,0.46
25,ZIKV,2025,4,14.0,0.32
25,ZIKV,2025,5,24.0,0.56
25,ZIKV,2025,6,18.0,0.42
25,ZIKV,2025,7,20.0,0.46
25,ZIKV,2025,8,13.0,0.3
25,ZIKV,2025,9,16.0,0.37
25,ZIKV,2025,10,27.0,0.62
25,ZIKV,2025,11,10.0,0.23
25,ZIKV,2025,12,26.0,0.6
26,ZIKV,2016,1,102.0,12.2
26,ZIKV,2016,2,360.0,43.05
26,ZIKV,2016,3,489.0,58.47
26,ZIKV,2016,4,306.0,36.59
26,ZIKV,2016,5,94.0,11.24
26,ZIKV,2016,6,58.0,6.94
26,ZIKV,2016,7,16.0,1.91
26,ZIKV,2016,8,21.0,2.51
26,ZIKV,2016,9,14.0,1.67
26,ZIKV,2016,10,17.0,2.03
26,ZIKV,2016,11,37.0,4.42
26,ZIKV,2016,12,17.0,2.03
26,ZIKV,2017,1,46.0,5.45
26,ZIKV,2017,2,53.0,6.28
26,ZIKV,2017,3,52.0,6.16
26,ZIKV,2017,4,42.0,4.97
26,ZIKV,2017,5,17.0,2.01
26,ZIKV,2017,6,16.0,1.89
26,ZIKV,2017,7,5.0,0.59
26,ZIKV,2017,8,6.0,0.71
26,ZIKV,2017,9,7.0,0.83
26,ZIKV,2017,10,19.0,2.25
26,ZIKV,2017,11,17.0,2.01
26,ZIKV,2017,12,15.0,1.78
26,ZIKV,2018,1,15.0,1.76
26,ZIKV,2018,2,23.0,2.7
26,ZIKV,2018,3,18.0,2.11
26,ZIKV,2018,4,14.0,1.64
26,ZIKV,2018,5,27.0,3.17
26,ZIKV,2018,6,22.0,2.58
26,ZIKV,2018,7,24.0,2.82
26,ZIKV,2018,8,33.0,3.88
26,ZIKV,2018,9,31.0,3.64
26,ZIKV,2018,10,66.0,7.75
26,ZIKV,2018,11,44.0,5.17
26,ZIKV,2018,12,48.0,5.64
26,ZIKV,2019,1,63.0,7.34
26,ZIKV,2019,2,44.0,5.13
26,ZIKV,2019,3,12.0,1.4
26,ZIKV,2019,4,4.0,0.47
26,ZIKV,2019,5,1.0,0.12
26,ZIKV,2019,6,2.0,0.23
26,ZIKV,2019,7,7.0,0.82
26,ZIKV,2019,8,2.0,0.23
26,ZIKV,2019,9,2.0,0.23
26,ZIKV,2019,10,1.0,0.12
26,ZIKV,2019,11,3.0,0.35
26,ZIKV,2019,12,9.0,1.05
26,ZIKV,2020,1,3.0,0.35
26,ZIKV,2020,2,3.0,0.35
26,ZIKV,2020,3,1.0,0.12
26,ZIKV,2020,4,9.0,1.04
26,ZIKV,2020,5,12.0,1.39
26,ZIKV,2020,6,36.0,4.17
26,ZIKV,2020,7,39.0,4.52
26,ZIKV,2020,8,8.0,0.93
26,ZIKV,2020,9,20.0,2.32
26,ZIKV,2020,10,14.0,1.62
26,ZIKV,2020,11,20.0,2.32
26,ZIKV,2020,12,15.0,1.74
26,ZIKV,2021,1,87.0,10.02
26,ZIKV,2021,2,65.0,7.49
26,ZIKV,2021,3,56.0,6.45
26,ZIKV,2021,4,69.0,7.95
26,ZIKV,2021,5,70.0,8.06
26,ZIKV,2021,6,52.0,5.99
26,ZIKV,2021,7,54.0,6.22
26,ZIKV,2021,8,44.0,5.07
26,ZIKV,2021,9,26.0,2.99
26,ZIKV,2021,10,38.0,4.38
26,ZIKV,2021,11,29.0,3.34
26,ZIKV,2021,12,1.0,0.12
26,ZIKV,2022,1,6.0,0.69
26,ZIKV,2022,2,2.0,0.23
26,ZIKV,2022,3,9.0,1.03
26,ZIKV,2022,4,8.0,0.92
26,ZIKV,2022,5,9.0,1.03
26,ZIKV,2022,6,10.0,1.15
26,ZIKV,2022,7,11.0,1.26
26,ZIKV,2022,8,13.0,1.49
26,ZIKV,2022,9,5.0,0.57
26,ZIKV,2022,10,5.0,0.57
26,ZIKV,2022,11,8.0,0.92
26,ZIKV,2022,12,17.0,1.95
26,ZIKV,2023,1,20.0,2.28
26,ZIKV,2023,2,28.0,3.19
26,ZIKV,2023,3,395.0,45.06
26,ZIKV,2023,4,100.0,11.41
26,ZIKV,2023,5,73.0,8.33
26,ZIKV,2023,6,10.0,1.14
26,ZIKV,2023,7,28.0,3.19
26,ZIKV,2023,8,21.0,2.4
26,ZIKV,2023,9,17.0,1.94
26,ZIKV,2023,10,65.0,7.42
26,ZIKV,2023,11,43.0,4.91
26,ZIKV,2023,12,108.0,12.32
26,ZIKV,2024,1,98.0,11.13
26,ZIKV,2024,2,132.0,14.99
26,ZIKV,2024,3,89.0,10.11
26,ZIKV,2024,4,127.0,14.42
26,ZIKV,2024,5,69.0,7.84
26,ZIKV,2024,6,65.0,7.38
26,ZIKV,2024,7,48.0,5.45
26,ZIKV,2024,8,63.0,7.15
26,ZIKV,2024,9,37.0,4.2
26,ZIKV,2024,10,64.0,7.27
26,ZIKV,2024,11,55.0,6.25
26,ZIKV,2024,12,111.0,12.6
26,ZIKV,2025,1,150.0,16.96
26,ZIKV,2025,2,466.0,52.69
26,ZIKV,2025,3,331.0,37.43
26,ZIKV,2025,4,48.0,5.43
26,ZIKV,2025,5,27.0,3.05
26,ZIKV,2025,6,35.0,3.96
26,ZIKV,2025,7,46.0,5.2
26,ZIKV,2025,8,31.0,3.51
26,ZIKV,2025,9,34.0,3.84
26,ZIKV,2025,10,46.0,5.2
26,ZIKV,2025,11,28.0,3.17
26,ZIKV,2025,12,37.0,4.18
27,ZIKV,2016,1,58.0,3.45
27,ZIKV,2016,2,459.0,27.32
27,ZIKV,2016,3,463.0,27.56
27,ZIKV,2016,4,306.0,18.21
27,ZIKV,2016,5,157.0,9.34
27,ZIKV,2016,6,123.0,7.32
27,ZIKV,2016,7,88.0,5.24
27,ZIKV,2016,8,53.0,3.15
27,ZIKV,2016,9,35.0,2.08
27,ZIKV,2016,10,39.0,2.32
27,ZIKV,2016,11,37.0,2.2
27,ZIKV,2016,12,63.0,3.75
27,ZIKV,2017,1,101.0,5.97
27,ZIKV,2017,2,110.0,6.5
27,ZIKV,2017,3,87.0,5.14
27,ZIKV,2017,4,37.0,2.19
27,ZIKV,2017,5,42.0,2.48
27,ZIKV,2017,6,24.0,1.42
27,ZIKV,2017,7,17.0,1.0
27,ZIKV,2017,8,26.0,1.54
27,ZIKV,2017,9,8.0,0.47
27,ZIKV,2017,10,19.0,1.12
27,ZIKV,2017,11,27.0,1.6
27,ZIKV,2017,12,18.0,1.06
27,ZIKV,2018,1,42.0,2.47
27,ZIKV,2018,2,31.0,1.82
27,ZIKV,2018,3,22.0,1.29
27,ZIKV,2018,4,40.0,2.35
27,ZIKV,2018,5,21.0,1.23
27,ZIKV,2018,6,17.0,1.0
27,ZIKV,2018,7,20.0,1.18
27,ZIKV,2018,8,17.0,1.0
27,ZIKV,2018,9,11.0,0.65
27,ZIKV,2018,10,11.0,0.65
27,ZIKV,2018,11,18.0,1.06
27,ZIKV,2018,12,21.0,1.23
27,ZIKV,2019,1,21.0,1.23
27,ZIKV,2019,2,23.0,1.34
27,ZIKV,2019,3,15.0,0.88
27,ZIKV,2019,4,65.0,3.8
27,ZIKV,2019,5,56.0,3.27
27,ZIKV,2019,6,42.0,2.45
27,ZIKV,2019,7,35.0,2.04
27,ZIKV,2019,8,37.0,2.16
27,ZIKV,2019,9,33.0,1.93
27,ZIKV,2019,10,37.0,2.16
27,ZIKV,2019,11,49.0,2.86
27,ZIKV,2019,12,28.0,1.63
27,ZIKV,2020,1,35.0,2.03
27,ZIKV,2020,2,113.0,6.56
27,ZIKV,2020,3,115.0,6.68
27,ZIKV,2020,4,116.0,6.73
27,ZIKV,2020,5,45.0,2.61
27,ZIKV,2020,6,51.0,2.96
27,ZIKV,2020,7,22.0,1.28
27,ZIKV,2020,8,11.0,0.64
27,ZIKV,2020,9,15.0,0.87
27,ZIKV,2020,10,13.0,0.75
27,ZIKV,2020,11,8.0,0.46
27,ZIKV,2020,12,6.0,0.35
27,ZIKV,2021,1,16.0,0.93
27,ZIKV,2021,2,57.0,3.3
27,ZIKV,2021,3,70.0,4.05
27,ZIKV,2021,4,45.0,2.6
27,ZIKV,2021,5,23.0,1.33
27,ZIKV,2021,6,8.0,0.46
27,ZIKV,2021,7,2.0,0.12
27,ZIKV,2021,8,18.0,1.04
27,ZIKV,2021,9,12.0,0.69
27,ZIKV,2021,10,12.0,0.69
27,ZIKV,2021,11,10.0,0.58
27,ZIKV,2021,12,14.0,0.81
27,ZIKV,2022,1,21.0,1.21
27,ZIKV,2022,2,14.0,0.81
27,ZIKV,2022,3,31.0,1.79
27,ZIKV,2022,4,60.0,3.46
27,ZIKV,2022,5,73.0,4.21
27,ZIKV,2022,6,16.0,0.92
27,ZIKV,2022,7,17.0,0.98
27,ZIKV,2022,8,22.0,1.27
27,ZIKV,2022,9,9.0,0.52
27,ZIKV,2022,10,4.0,0.23
27,ZIKV,2022,11,23.0,1.33
27,ZIKV,2022,12,13.0,0.75
27,ZIKV,2023,1,24.0,1.38
27,ZIKV,2023,2,29.0,1.67
27,ZIKV,2023,3,82.0,4.71
27,ZIKV,2023,4,75.0,4.31
27,ZIKV,2023,5,49.0,2.82
27,ZIKV,2023,6,32.0,1.84
27,ZIKV,2023,7,27.0,1.55
27,ZIKV,2023,8,23.0,1.32
27,ZIKV,2023,9,24.0,1.38
27,ZIKV,2023,10,19.0,1.09
27,ZIKV,2023,11,33.0,1.9
27,ZIKV,2023,12,79.0,4.54
27,ZIKV,2024,1,613.0,35.1
27,ZIKV,2024,2,596.0,34.13
27,ZIKV,2024,3,452.0,25.88
27,ZIKV,2024,4,289.0,16.55
27,ZIKV,2024,5,123.0,7.04
27,ZIKV,2024,6,50.0,2.86
27,ZIKV,2024,7,36.0,2.06
27,ZIKV,2024,8,30.0,1.72
27,ZIKV,2024,9,27.0,1.55
27,ZIKV,2024,10,48.0,2.75
27,ZIKV,2024,11,66.0,3.78
27,ZIKV,2024,12,95.0,5.44
27,ZIKV,2025,1,239.0,13.64
27,ZIKV,2025,2,288.0,16.44
27,ZIKV,2025,3,371.0,21.18
27,ZIKV,2025,4,465.0,26.54
27,ZIKV,2025,5,502.0,28.65
27,ZIKV,2025,6,268.0,15.3
27,ZIKV,2025,7,100.0,5.71
27,ZIKV,2025,8,91.0,5.19
27,ZIKV,2025,9,76.0,4.34
27,ZIKV,2025,10,60.0,3.42
27,ZIKV,2025,11,74.0,4.22
27,ZIKV,2025,12,41.0,2.34
1,DENV,2016,1,1791.0,63.43
1,DENV,2016,2,4742.0,167.94
1,DENV,2016,3,5670.0,200.81
1,DENV,2016,4,3427.0,121.37
1,DENV,2016,5,2027.0,71.79
1,DENV,2016,6,951.0,33.68
1,DENV,2016,7,378.0,13.39
1,DENV,2016,8,169.0,5.99
1,DENV,2016,9,105.0,3.72
1,DENV,2016,10,90.0,3.19
1,DENV,2016,11,97.0,3.44
1,DENV,2016,12,144.0,5.1
1,DENV,2017,1,215.0,7.54
1,DENV,2017,2,261.0,9.16
1,DENV,2017,3,564.0,19.79
1,DENV,2017,4,621.0,21.79
1,DENV,2017,5,922.0,32.35
1,DENV,2017,6,796.0,27.93
1,DENV,2017,7,213.0,7.47
1,DENV,2017,8,140.0,4.91
1,DENV,2017,9,112.0,3.93
1,DENV,2017,10,117.0,4.1
1,DENV,2017,11,129.0,4.53
1,DENV,2017,12,159.0,5.58
1,DENV,2018,1,220.0,7.65
1,DENV,2018,2,205.0,7.13
1,DENV,2018,3,214.0,7.44
1,DENV,2018,4,274.0,9.53
1,DENV,2018,5,315.0,10.95
1,DENV,2018,6,198.0,6.89
1,DENV,2018,7,131.0,4.56
1,DENV,2018,8,90.0,3.13
1,DENV,2018,9,99.0,3.44
1,DENV,2018,10,137.0,4.76
1,DENV,2018,11,216.0,7.51
1,DENV,2018,12,374.0,13.01
1,DENV,2019,1,732.0,25.24
1,DENV,2019,2,2148.0,74.08
1,DENV,2019,3,4342.0,149.74
1,DENV,2019,4,6957.0,239.92
1,DENV,2019,5,11236.0,387.49
1,DENV,2019,6,8990.0,310.03
1,DENV,2019,7,2039.0,70.32
1,DENV,2019,8,612.0,21.11
1,DENV,2019,9,446.0,15.38
1,DENV,2019,10,578.0,19.93
1,DENV,2019,11,550.0,18.97
1,DENV,2019,12,600.0,20.69
1,DENV,2020,1,2181.0,74.66
1,DENV,2020,2,5416.0,185.39
1,DENV,2020,3,9342.0,319.78
1,DENV,2020,4,12021.0,411.48
1,DENV,2020,5,9746.0,333.61
1,DENV,2020,6,5606.0,191.89
1,DENV,2020,7,2128.0,72.84
1,DENV,2020,8,929.0,31.8
1,DENV,2020,9,833.0,28.51
1,DENV,2020,10,716.0,24.51
1,DENV,2020,11,723.0,24.75
1,DENV,2020,12,1106.0,37.86
1,DENV,2021,1,797.0,27.13
1,DENV,2021,2,1168.0,39.75
1,DENV,2021,3,1934.0,65.83
1,DENV,2021,4,2764.0,94.08
1,DENV,2021,5,3392.0,115.45
1,DENV,2021,6,2610.0,88.84
1,DENV,2021,7,1122.0,38.19
1,DENV,2021,8,579.0,19.71
1,DENV,2021,9,536.0,18.24
1,DENV,2021,10,520.0,17.7
1,DENV,2021,11,841.0,28.62
1,DENV,2021,12,2423.0,82.47
1,DENV,2022,1,3195.0,108.22
1,DENV,2022,2,5962.0,201.94
1,DENV,2022,3,12297.0,416.5
1,DENV,2022,4,17613.0,596.56
1,DENV,2022,5,14388.0,487.33
1,DENV,2022,6,6198.0,209.93
1,DENV,2022,7,2509.0,84.98
1,DENV,2022,8,1857.0,62.9
1,DENV,2022,9,2020.0,68.42
1,DENV,2022,10,1910.0,64.69
1,DENV,2022,11,1710.0,57.92
1,DENV,2022,12,3001.0,101.65
1,DENV,2023,1,2803.0,94.46
1,DENV,2023,2,3378.0,113.83
1,DENV,2023,3,4437.0,149.52
1,DENV,2023,4,4272.0,143.96
1,DENV,2023,5,4270.0,143.89
1,DENV,2023,6,2794.0,94.15
1,DENV,2023,7,1765.0,59.48
1,DENV,2023,8,1920.0,64.7
1,DENV,2023,9,1707.0,57.52
1,DENV,2023,10,1427.0,48.09
1,DENV,2023,11,2508.0,84.51
1,DENV,2023,12,10840.0,365.29
1,DENV,2024,1,48049.0,1610.86
1,DENV,2024,2,88479.0,2966.29
1,DENV,2024,3,72587.0,2433.5
1,DENV,2024,4,38980.0,1306.82
1,DENV,2024,5,16632.0,557.59
1,DENV,2024,6,4975.0,166.79
1,DENV,2024,7,2122.0,71.14
1,DENV,2024,8,1934.0,64.84
1,DENV,2024,9,981.0,32.89
1,DENV,2024,10,1003.0,33.63
1,DENV,2024,11,1696.0,56.86
1,DENV,2024,12,1582.0,53.04
1,DENV,2025,1,1342.0,44.78
1,DENV,2025,2,1513.0,50.49
1,DENV,2025,3,1329.0,44.35
1,DENV,2025,4,1124.0,37.51
1,DENV,2025,5,1232.0,41.11
1,DENV,2025,6,702.0,23.42
1,DENV,2025,7,585.0,19.52
1,DENV,2025,8,600.0,20.02
1,DENV,2025,9,663.0,22.12
1,DENV,2025,10,697.0,23.26
1,DENV,2025,11,545.0,18.19
1,DENV,2025,12,639.0,21.32
2,DENV,2016,1,16195.0,240.98
2,DENV,2016,2,29941.0,445.52
2,DENV,2016,3,32389.0,481.94
2,DENV,2016,4,22278.0,331.49
2,DENV,2016,5,10938.0,162.76
2,DENV,2016,6,4481.0,66.68
2,DENV,2016,7,1879.0,27.96
2,DENV,2016,8,1634.0,24.31
2,DENV,2016,9,1622.0,24.14
2,DENV,2016,10,2056.0,30.59
2,DENV,2016,11,2651.0,39.45
2,DENV,2016,12,3389.0,50.43
2,DENV,2017,1,5239.0,76.98
2,DENV,2017,2,6321.0,92.88
2,DENV,2017,3,9647.0,141.75
2,DENV,2017,4,9834.0,144.5
2,DENV,2017,5,12402.0,182.23
2,DENV,2017,6,8286.0,121.75
2,DENV,2017,7,3162.0,46.46
2,DENV,2017,8,1817.0,26.7
2,DENV,2017,9,1539.0,22.61
2,DENV,2017,10,2022.0,29.71
2,DENV,2017,11,1968.0,28.92
2,DENV,2017,12,1831.0,26.9
2,DENV,2018,1,7561.0,109.76
2,DENV,2018,2,10563.0,153.34
2,DENV,2018,3,15106.0,219.29
2,DENV,2018,4,16848.0,244.58
2,DENV,2018,5,15685.0,227.7
2,DENV,2018,6,7158.0,103.91
2,DENV,2018,7,2966.0,43.06
2,DENV,2018,8,2343.0,34.01
2,DENV,2018,9,1870.0,27.15
2,DENV,2018,10,2740.0,39.78
2,DENV,2018,11,3762.0,54.61
2,DENV,2018,12,4943.0,71.76
2,DENV,2019,1,7916.0,113.5
2,DENV,2019,2,11756.0,168.55
2,DENV,2019,3,16591.0,237.87
2,DENV,2019,4,22827.0,327.28
2,DENV,2019,5,25444.0,364.8
2,DENV,2019,6,14285.0,204.81
2,DENV,2019,7,5854.0,83.93
2,DENV,2019,8,2926.0,41.95
2,DENV,2019,9,2552.0,36.59
2,DENV,2019,10,2816.0,40.37
2,DENV,2019,11,2871.0,41.16
2,DENV,2019,12,3162.0,45.34
2,DENV,2020,1,5829.0,82.56
2,DENV,2020,2,8606.0,121.89
2,DENV,2020,3,11030.0,156.23
2,DENV,2020,4,10287.0,145.7
2,DENV,2020,5,7528.0,106.62
2,DENV,2020,6,5866.0,83.08
2,DENV,2020,7,3883.0,55.0
2,DENV,2020,8,1835.0,25.99
2,DENV,2020,9,1156.0,16.37
2,DENV,2020,10,959.0,13.58
2,DENV,2020,11,1121.0,15.88
2,DENV,2020,12,1289.0,18.26
2,DENV,2021,1,2460.0,34.48
2,DENV,2021,2,4200.0,58.87
2,DENV,2021,3,5972.0,83.71
2,DENV,2021,4,8225.0,115.29
2,DENV,2021,5,8273.0,115.97
2,DENV,2021,6,5824.0,81.64
2,DENV,2021,7,2910.0,40.79
2,DENV,2021,8,1827.0,25.61
2,DENV,2021,9,1523.0,21.35
2,DENV,2021,10,1831.0,25.67
2,DENV,2021,11,4160.0,58.31
2,DENV,2021,12,14259.0,199.88
2,DENV,2022,1,14958.0,207.71
2,DENV,2022,2,25455.0,353.48
2,DENV,2022,3,43526.0,604.42
2,DENV,2022,4,44409.0,616.68
2,DENV,2022,5,33255.0,461.79
2,DENV,2022,6,13509.0,187.59
2,DENV,2022,7,7098.0,98.57
2,DENV,2022,8,5675.0,78.81
2,DENV,2022,9,4730.0,65.68
2,DENV,2022,10,3887.0,53.98
2,DENV,2022,11,4491.0,62.36
2,DENV,2022,12,5555.0,77.14
2,DENV,2023,1,5920.0,81.38
2,DENV,2023,2,7477.0,102.78
2,DENV,2023,3,10826.0,148.82
2,DENV,2023,4,10249.0,140.89
2,DENV,2023,5,9234.0,126.94
2,DENV,2023,6,4314.0,59.3
2,DENV,2023,7,2461.0,33.83
2,DENV,2023,8,2719.0,37.38
2,DENV,2023,9,3082.0,42.37
2,DENV,2023,10,3395.0,46.67
2,DENV,2023,11,4103.0,56.4
2,DENV,2023,12,6337.0,87.11
2,DENV,2024,1,20856.0,283.74
2,DENV,2024,2,61398.0,835.29
2,DENV,2024,3,73298.0,997.19
2,DENV,2024,4,76488.0,1040.58
2,DENV,2024,5,52536.0,714.73
2,DENV,2024,6,19355.0,263.32
2,DENV,2024,7,8395.0,114.21
2,DENV,2024,8,4392.0,59.75
2,DENV,2024,9,2985.0,40.61
2,DENV,2024,10,3046.0,41.44
2,DENV,2024,11,5227.0,71.11
2,DENV,2024,12,6206.0,84.43
2,DENV,2025,1,12021.0,161.93
2,DENV,2025,2,15116.0,203.62
2,DENV,2025,3,14525.0,195.66
2,DENV,2025,4,15437.0,207.94
2,DENV,2025,5,16398.0,220.89
2,DENV,2025,6,9469.0,127.55
2,DENV,2025,7,4621.0,62.25
2,DENV,2025,8,3131.0,42.18
2,DENV,2025,9,3259.0,43.9
2,DENV,2025,10,3763.0,50.69
2,DENV,2025,11,3869.0,52.12
2,DENV,2025,12,5509.0,74.21
3,DENV,2016,1,6261.0,185.23
3,DENV,2016,2,6764.0,200.11
3,DENV,2016,3,3728.0,110.29
3,DENV,2016,4,1445.0,42.75
3,DENV,2016,5,624.0,18.46
3,DENV,2016,6,325.0,9.62
3,DENV,2016,7,189.0,5.59
3,DENV,2016,8,258.0,7.63
3,DENV,2016,9,263.0,7.78
3,DENV,2016,10,287.0,8.49
3,DENV,2016,11,450.0,13.31
3,DENV,2016,12,694.0,20.53
3,DENV,2017,1,1100.0,32.04
3,DENV,2017,2,1493.0,43.49
3,DENV,2017,3,1918.0,55.86
3,DENV,2017,4,1380.0,40.19
3,DENV,2017,5,934.0,27.2
3,DENV,2017,6,588.0,17.13
3,DENV,2017,7,317.0,9.23
3,DENV,2017,8,316.0,9.2
3,DENV,2017,9,207.0,6.03
3,DENV,2017,10,254.0,7.4
3,DENV,2017,11,334.0,9.73
3,DENV,2017,12,550.0,16.02
3,DENV,2018,1,1367.0,39.16
3,DENV,2018,2,1338.0,38.33
3,DENV,2018,3,1212.0,34.72
3,DENV,2018,4,850.0,24.35
3,DENV,2018,5,674.0,19.31
3,DENV,2018,6,382.0,10.94
3,DENV,2018,7,242.0,6.93
3,DENV,2018,8,186.0,5.33
3,DENV,2018,9,136.0,3.9
3,DENV,2018,10,142.0,4.07
3,DENV,2018,11,288.0,8.25
3,DENV,2018,12,465.0,13.32
3,DENV,2019,1,756.0,21.28
3,DENV,2019,2,911.0,25.65
3,DENV,2019,3,999.0,28.13
3,DENV,2019,4,1610.0,45.33
3,DENV,2019,5,1991.0,56.05
3,DENV,2019,6,1151.0,32.4
3,DENV,2019,7,613.0,17.26
3,DENV,2019,8,318.0,8.95
3,DENV,2019,9,233.0,6.56
3,DENV,2019,10,293.0,8.25
3,DENV,2019,11,614.0,17.29
3,DENV,2019,12,1401.0,39.44
3,DENV,2020,1,5395.0,149.36
3,DENV,2020,2,7628.0,211.19
3,DENV,2020,3,6614.0,183.11
3,DENV,2020,4,4769.0,132.03
3,DENV,2020,5,4224.0,116.94
3,DENV,2020,6,2637.0,73.01
3,DENV,2020,7,1388.0,38.43
3,DENV,2020,8,577.0,15.97
3,DENV,2020,9,405.0,11.21
3,DENV,2020,10,256.0,7.09
3,DENV,2020,11,350.0,9.69
3,DENV,2020,12,613.0,16.97
3,DENV,2021,1,1160.0,31.64
3,DENV,2021,2,2330.0,63.55
3,DENV,2021,3,2544.0,69.38
3,DENV,2021,4,2501.0,68.21
3,DENV,2021,5,2835.0,77.32
3,DENV,2021,6,2342.0,63.87
3,DENV,2021,7,1327.0,36.19
3,DENV,2021,8,629.0,17.15
3,DENV,2021,9,477.0,13.01
3,DENV,2021,10,675.0,18.41
3,DENV,2021,11,1566.0,42.71
3,DENV,2021,12,3988.0,108.76
3,DENV,2022,1,3755.0,100.91
3,DENV,2022,2,4421.0,118.81
3,DENV,2022,3,6355.0,170.79
3,DENV,2022,4,7885.0,211.91
3,DENV,2022,5,5764.0,154.91
3,DENV,2022,6,2311.0,62.11
3,DENV,2022,7,1038.0,27.9
3,DENV,2022,8,673.0,18.09
3,DENV,2022,9,442.0,11.88
3,DENV,2022,10,487.0,13.09
3,DENV,2022,11,956.0,25.69
3,DENV,2022,12,1254.0,33.7
3,DENV,2023,1,2246.0,59.44
3,DENV,2023,2,3695.0,97.79
3,DENV,2023,3,5078.0,134.4
3,DENV,2023,4,5403.0,143.0
3,DENV,2023,5,4712.0,124.71
3,DENV,2023,6,2290.0,60.61
3,DENV,2023,7,1252.0,33.14
3,DENV,2023,8,816.0,21.6
3,DENV,2023,9,528.0,13.97
3,DENV,2023,10,641.0,16.96
3,DENV,2023,11,833.0,22.05
3,DENV,2023,12,1111.0,29.4
3,DENV,2024,1,3182.0,82.94
3,DENV,2024,2,6456.0,168.28
3,DENV,2024,3,6801.0,177.28
3,DENV,2024,4,8282.0,215.88
3,DENV,2024,5,8273.0,215.64
3,DENV,2024,6,3461.0,90.21
3,DENV,2024,7,1835.0,47.83
3,DENV,2024,8,846.0,22.05
3,DENV,2024,9,542.0,14.13
3,DENV,2024,10,400.0,10.43
3,DENV,2024,11,689.0,17.96
3,DENV,2024,12,1975.0,51.48
3,DENV,2025,1,7190.0,184.66
3,DENV,2025,2,6710.0,172.33
3,DENV,2025,3,4782.0,122.82
3,DENV,2025,4,4329.0,111.18
3,DENV,2025,5,4729.0,121.45
3,DENV,2025,6,2603.0,66.85
3,DENV,2025,7,1167.0,29.97
3,DENV,2025,8,679.0,17.44
3,DENV,2025,9,584.0,15.0
3,DENV,2025,10,687.0,17.64
3,DENV,2025,11,757.0,19.44
3,DENV,2025,12,1116.0,28.66
4,DENV,2016,1,15871.0,591.15
4,DENV,2016,2,14834.0,552.53
4,DENV,2016,3,9487.0,353.37
4,DENV,2016,4,4706.0,175.29
4,DENV,2016,5,905.0,33.71
4,DENV,2016,6,230.0,8.57
4,DENV,2016,7,94.0,3.5
4,DENV,2016,8,109.0,4.06
4,DENV,2016,9,113.0,4.21
4,DENV,2016,10,110.0,4.1
4,DENV,2016,11,103.0,3.84
4,DENV,2016,12,184.0,6.85
4,DENV,2017,1,242.0,8.91
4,DENV,2017,2,282.0,10.38
4,DENV,2017,3,254.0,9.35
4,DENV,2017,4,223.0,8.21
4,DENV,2017,5,146.0,5.38
4,DENV,2017,6,98.0,3.61
4,DENV,2017,7,66.0,2.43
4,DENV,2017,8,89.0,3.28
4,DENV,2017,9,113.0,4.16
4,DENV,2017,10,147.0,5.41
4,DENV,2017,11,297.0,10.94
4,DENV,2017,12,357.0,13.15
4,DENV,2018,1,462.0,16.82
4,DENV,2018,2,315.0,11.47
4,DENV,2018,3,427.0,15.55
4,DENV,2018,4,314.0,11.43
4,DENV,2018,5,298.0,10.85
4,DENV,2018,6,161.0,5.86
4,DENV,2018,7,120.0,4.37
4,DENV,2018,8,77.0,2.8
4,DENV,2018,9,62.0,2.26
4,DENV,2018,10,116.0,4.22
4,DENV,2018,11,747.0,27.2
4,DENV,2018,12,2518.0,91.69
4,DENV,2019,1,2849.0,102.59
4,DENV,2019,2,7402.0,266.54
4,DENV,2019,3,17171.0,618.32
4,DENV,2019,4,15682.0,564.7
4,DENV,2019,5,11709.0,421.64
4,DENV,2019,6,4760.0,171.41
4,DENV,2019,7,1578.0,56.82
4,DENV,2019,8,608.0,21.89
4,DENV,2019,9,354.0,12.75
4,DENV,2019,10,473.0,17.03
4,DENV,2019,11,844.0,30.39
4,DENV,2019,12,1512.0,54.45
4,DENV,2020,1,8882.0,316.44
4,DENV,2020,2,14863.0,529.52
4,DENV,2020,3,13193.0,470.03
4,DENV,2020,4,6871.0,244.79
4,DENV,2020,5,3296.0,117.43
4,DENV,2020,6,1381.0,49.2
4,DENV,2020,7,913.0,32.53
4,DENV,2020,8,496.0,17.67
4,DENV,2020,9,471.0,16.78
4,DENV,2020,10,303.0,10.79
4,DENV,2020,11,604.0,21.52
4,DENV,2020,12,745.0,26.54
4,DENV,2021,1,834.0,29.45
4,DENV,2021,2,1991.0,70.31
4,DENV,2021,3,2496.0,88.14
4,DENV,2021,4,2426.0,85.67
4,DENV,2021,5,1121.0,39.58
4,DENV,2021,6,343.0,12.11
4,DENV,2021,7,111.0,3.92
4,DENV,2021,8,80.0,2.82
4,DENV,2021,9,74.0,2.61
4,DENV,2021,10,84.0,2.97
4,DENV,2021,11,116.0,4.1
4,DENV,2021,12,239.0,8.44
4,DENV,2022,1,374.0,13.1
4,DENV,2022,2,723.0,25.33
4,DENV,2022,3,2455.0,86.01
4,DENV,2022,4,4897.0,171.56
4,DENV,2022,5,6023.0,211.01
4,DENV,2022,6,2543.0,89.09
4,DENV,2022,7,1708.0,59.84
4,DENV,2022,8,1092.0,38.26
4,DENV,2022,9,836.0,29.29
4,DENV,2022,10,1136.0,39.8
4,DENV,2022,11,2554.0,89.48
4,DENV,2022,12,1987.0,69.61
4,DENV,2023,1,2543.0,88.36
4,DENV,2023,2,5856.0,203.47
4,DENV,2023,3,11657.0,405.04
4,DENV,2023,4,11670.0,405.49
4,DENV,2023,5,8144.0,282.97
4,DENV,2023,6,2576.0,89.51
4,DENV,2023,7,1169.0,40.62
4,DENV,2023,8,467.0,16.23
4,DENV,2023,9,245.0,8.51
4,DENV,2023,10,294.0,10.22
4,DENV,2023,11,260.0,9.03
4,DENV,2023,12,292.0,10.15
4,DENV,2024,1,1355.0,46.69
4,DENV,2024,2,2855.0,98.38
4,DENV,2024,3,4560.0,157.14
4,DENV,2024,4,4509.0,155.38
4,DENV,2024,5,3440.0,118.54
4,DENV,2024,6,1043.0,35.94
4,DENV,2024,7,267.0,9.2
4,DENV,2024,8,136.0,4.69
4,DENV,2024,9,113.0,3.89
4,DENV,2024,10,130.0,4.48
4,DENV,2024,11,155.0,5.34
4,DENV,2024,12,214.0,7.37
4,DENV,2025,1,996.0,34.06
4,DENV,2025,2,1480.0,50.6
4,DENV,2025,3,2545.0,87.02
4,DENV,2025,4,2852.0,97.52
4,DENV,2025,5,2342.0,80.08
4,DENV,2025,6,1143.0,39.08
4,DENV,2025,7,452.0,15.45
4,DENV,2025,8,231.0,7.9
4,DENV,2025,9,266.0,9.1
4,DENV,2025,10,210.0,7.18
4,DENV,2025,11,273.0,9.33
4,DENV,2025,12,211.0,7.21
5,DENV,2016,1,138.0,1.24
5,DENV,2016,2,346.0,3.11
5,DENV,2016,3,1133.0,10.2
5,DENV,2016,4,1069.0,9.62
5,DENV,2016,5,353.0,3.18
5,DENV,2016,6,27.0,0.24
5,DENV,2016,7,13.0,0.12
5,DENV,2016,8,16.0,0.14
5,DENV,2016,9,10.0,0.09
5,DENV,2016,10,20.0,0.18
5,DENV,2016,11,23.0,0.21
5,DENV,2016,12,49.0,0.44
5,DENV,2017,1,56.0,0.5
5,DENV,2017,2,18.0,0.16
5,DENV,2017,3,19.0,0.17
5,DENV,2017,4,13.0,0.12
5,DENV,2017,5,14.0,0.13
5,DENV,2017,6,2.0,0.02
5,DENV,2017,7,6.0,0.05
5,DENV,2017,8,4.0,0.04
5,DENV,2017,9,8.0,0.07
5,DENV,2017,10,15.0,0.13
5,DENV,2017,11,8.0,0.07
5,DENV,2017,12,20.0,0.18
5,DENV,2018,1,18.0,0.16
5,DENV,2018,2,21.0,0.19
5,DENV,2018,3,22.0,0.2
5,DENV,2018,4,14.0,0.13
5,DENV,2018,5,8.0,0.07
5,DENV,2018,6,6.0,0.05
5,DENV,2018,7,4.0,0.04
5,DENV,2018,8,3.0,0.03
5,DENV,2018,9,4.0,0.04
5,DENV,2018,10,8.0,0.07
5,DENV,2018,11,8.0,0.07
5,DENV,2018,12,12.0,0.11
5,DENV,2019,1,31.0,0.28
5,DENV,2019,2,23.0,0.21
5,DENV,2019,3,97.0,0.87
5,DENV,2019,4,439.0,3.92
5,DENV,2019,5,657.0,5.87
5,DENV,2019,6,204.0,1.82
5,DENV,2019,7,60.0,0.54
5,DENV,2019,8,25.0,0.22
5,DENV,2019,9,19.0,0.17
5,DENV,2019,10,20.0,0.18
5,DENV,2019,11,17.0,0.15
5,DENV,2019,12,23.0,0.21
5,DENV,2020,1,37.0,0.33
5,DENV,2020,2,275.0,2.45
5,DENV,2020,3,901.0,8.03
5,DENV,2020,4,1737.0,15.48
5,DENV,2020,5,729.0,6.5
5,DENV,2020,6,125.0,1.11
5,DENV,2020,7,40.0,0.36
5,DENV,2020,8,25.0,0.22
5,DENV,2020,9,13.0,0.12
5,DENV,2020,10,29.0,0.26
5,DENV,2020,11,28.0,0.25
5,DENV,2020,12,19.0,0.17
5,DENV,2021,1,87.0,0.77
5,DENV,2021,2,375.0,3.34
5,DENV,2021,3,1702.0,15.16
5,DENV,2021,4,5354.0,47.69
5,DENV,2021,5,2915.0,25.96
5,DENV,2021,6,254.0,2.26
5,DENV,2021,7,49.0,0.44
5,DENV,2021,8,18.0,0.16
5,DENV,2021,9,22.0,0.2
5,DENV,2021,10,17.0,0.15
5,DENV,2021,11,14.0,0.12
5,DENV,2021,12,30.0,0.27
5,DENV,2022,1,150.0,1.34
5,DENV,2022,2,687.0,6.12
5,DENV,2022,3,17089.0,152.3
5,DENV,2022,4,29105.0,259.39
5,DENV,2022,5,16696.0,148.8
5,DENV,2022,6,2437.0,21.72
5,DENV,2022,7,569.0,5.07
5,DENV,2022,8,209.0,1.86
5,DENV,2022,9,95.0,0.85
5,DENV,2022,10,33.0,0.29
5,DENV,2022,11,65.0,0.58
5,DENV,2022,12,97.0,0.86
5,DENV,2023,1,62.0,0.55
5,DENV,2023,2,430.0,3.83
5,DENV,2023,3,4195.0,37.38
5,DENV,2023,4,12756.0,113.67
5,DENV,2023,5,13488.0,120.19
5,DENV,2023,6,4695.0,41.84
5,DENV,2023,7,1128.0,10.05
5,DENV,2023,8,362.0,3.23
5,DENV,2023,9,123.0,1.1
5,DENV,2023,10,293.0,2.61
5,DENV,2023,11,413.0,3.68
5,DENV,2023,12,730.0,6.5
5,DENV,2024,1,3039.0,27.06
5,DENV,2024,2,16190.0,144.17
5,DENV,2024,3,49582.0,441.52
5,DENV,2024,4,87759.0,781.48
5,DENV,2024,5,50297.0,447.88
5,DENV,2024,6,11551.0,102.86
5,DENV,2024,7,2825.0,25.16
5,DENV,2024,8,871.0,7.76
5,DENV,2024,9,813.0,7.24
5,DENV,2024,10,814.0,7.25
5,DENV,2024,11,561.0,5.0
5,DENV,2024,12,489.0,4.35
5,DENV,2025,1,803.0,7.15
5,DENV,2025,2,1647.0,14.66
5,DENV,2025,3,9675.0,86.13
5,DENV,2025,4,30282.0,269.57
5,DENV,2025,5,29385.0,261.59
5,DENV,2025,6,7171.0,63.84
5,DENV,2025,7,1392.0,12.39
5,DENV,2025,8,721.0,6.42
5,DENV,2025,9,777.0,6.92
5,DENV,2025,10,982.0,8.74
5,DENV,2025,11,1488.0,13.25
5,DENV,2025,12,1340.0,11.93
6,DENV,2016,1,311.0,4.44
6,DENV,2016,2,1252.0,17.86
6,DENV,2016,3,1951.0,27.83
6,DENV,2016,4,1191.0,16.99
6,DENV,2016,5,273.0,3.89
6,DENV,2016,6,27.0,0.39
6,DENV,2016,7,21.0,0.3
6,DENV,2016,8,20.0,0.29
6,DENV,2016,9,16.0,0.23
6,DENV,2016,10,21.0,0.3
6,DENV,2016,11,30.0,0.43
6,DENV,2016,12,36.0,0.51
6,DENV,2017,1,38.0,0.53
6,DENV,2017,2,17.0,0.24
6,DENV,2017,3,28.0,0.39
6,DENV,2017,4,19.0,0.27
6,DENV,2017,5,18.0,0.25
6,DENV,2017,6,10.0,0.14
6,DENV,2017,7,5.0,0.07
6,DENV,2017,8,3.0,0.04
6,DENV,2017,9,10.0,0.14
6,DENV,2017,10,12.0,0.17
6,DENV,2017,11,15.0,0.21
6,DENV,2017,12,16.0,0.22
6,DENV,2018,1,16.0,0.22
6,DENV,2018,2,20.0,0.28
6,DENV,2018,3,18.0,0.25
6,DENV,2018,4,32.0,0.44
6,DENV,2018,5,30.0,0.41
6,DENV,2018,6,10.0,0.14
6,DENV,2018,7,5.0,0.07
6,DENV,2018,8,4.0,0.06
6,DENV,2018,9,8.0,0.11
6,DENV,2018,10,9.0,0.12
6,DENV,2018,11,13.0,0.18
6,DENV,2018,12,20.0,0.28
6,DENV,2019,1,22.0,0.3
6,DENV,2019,2,39.0,0.53
6,DENV,2019,3,250.0,3.38
6,DENV,2019,4,595.0,8.04
6,DENV,2019,5,704.0,9.51
6,DENV,2019,6,303.0,4.09
6,DENV,2019,7,113.0,1.53
6,DENV,2019,8,34.0,0.46
6,DENV,2019,9,10.0,0.14
6,DENV,2019,10,12.0,0.16
6,DENV,2019,11,22.0,0.3
6,DENV,2019,12,44.0,0.59
6,DENV,2020,1,110.0,1.46
6,DENV,2020,2,308.0,4.08
6,DENV,2020,3,1505.0,19.95
6,DENV,2020,4,3987.0,52.86
6,DENV,2020,5,3812.0,50.54
6,DENV,2020,6,1542.0,20.45
6,DENV,2020,7,328.0,4.35
6,DENV,2020,8,56.0,0.74
6,DENV,2020,9,42.0,0.56
6,DENV,2020,10,48.0,0.64
6,DENV,2020,11,45.0,0.6
6,DENV,2020,12,76.0,1.01
6,DENV,2021,1,66.0,0.86
6,DENV,2021,2,216.0,2.82
6,DENV,2021,3,1618.0,21.09
6,DENV,2021,4,6480.0,84.47
6,DENV,2021,5,7595.0,99.0
6,DENV,2021,6,2324.0,30.29
6,DENV,2021,7,320.0,4.17
6,DENV,2021,8,113.0,1.47
6,DENV,2021,9,40.0,0.52
6,DENV,2021,10,31.0,0.4
6,DENV,2021,11,49.0,0.64
6,DENV,2021,12,61.0,0.8
6,DENV,2022,1,62.0,0.8
6,DENV,2022,2,824.0,10.57
6,DENV,2022,3,16663.0,213.72
6,DENV,2022,4,32037.0,410.9
6,DENV,2022,5,26667.0,342.02
6,DENV,2022,6,6105.0,78.3
6,DENV,2022,7,1579.0,20.25
6,DENV,2022,8,554.0,7.11
6,DENV,2022,9,286.0,3.67
6,DENV,2022,10,198.0,2.54
6,DENV,2022,11,92.0,1.18
6,DENV,2022,12,207.0,2.65
6,DENV,2023,1,290.0,3.66
6,DENV,2023,2,2050.0,25.86
6,DENV,2023,3,18890.0,238.29
6,DENV,2023,4,50349.0,635.14
6,DENV,2023,5,44175.0,557.26
6,DENV,2023,6,15982.0,201.61
6,DENV,2023,7,5133.0,64.75
6,DENV,2023,8,1580.0,19.93
6,DENV,2023,9,693.0,8.74
6,DENV,2023,10,579.0,7.3
6,DENV,2023,11,628.0,7.92
6,DENV,2023,12,1651.0,20.83
6,DENV,2024,1,4149.0,51.49
6,DENV,2024,2,26571.0,329.73
6,DENV,2024,3,80794.0,1002.6
6,DENV,2024,4,123226.0,1529.15
6,DENV,2024,5,76412.0,948.22
6,DENV,2024,6,17698.0,219.62
6,DENV,2024,7,3649.0,45.28
6,DENV,2024,8,1278.0,15.86
6,DENV,2024,9,361.0,4.48
6,DENV,2024,10,472.0,5.86
6,DENV,2024,11,606.0,7.52
6,DENV,2024,12,1118.0,13.87
6,DENV,2025,1,1134.0,13.85
6,DENV,2025,2,1215.0,14.84
6,DENV,2025,3,3819.0,46.65
6,DENV,2025,4,7956.0,97.18
6,DENV,2025,5,6298.0,76.93
6,DENV,2025,6,2201.0,26.88
6,DENV,2025,7,708.0,8.65
6,DENV,2025,8,303.0,3.7
6,DENV,2025,9,359.0,4.38
6,DENV,2025,10,538.0,6.57
6,DENV,2025,11,465.0,5.68
6,DENV,2025,12,579.0,7.07
7,DENV,2016,1,8281.0,73.97
7,DENV,2016,2,16401.0,146.49
7,DENV,2016,3,19237.0,171.83
7,DENV,2016,4,14315.0,127.86
7,DENV,2016,5,2784.0,24.87
7,DENV,2016,6,405.0,3.62
7,DENV,2016,7,215.0,1.92
7,DENV,2016,8,134.0,1.2
7,DENV,2016,9,141.0,1.26
7,DENV,2016,10,239.0,2.13
7,DENV,2016,11,355.0,3.17
7,DENV,2016,12,330.0,2.95
7,DENV,2017,1,376.0,3.33
7,DENV,2017,2,309.0,2.74
7,DENV,2017,3,256.0,2.27
7,DENV,2017,4,156.0,1.38
7,DENV,2017,5,138.0,1.22
7,DENV,2017,6,86.0,0.76
7,DENV,2017,7,59.0,0.52
7,DENV,2017,8,93.0,0.82
7,DENV,2017,9,181.0,1.6
7,DENV,2017,10,173.0,1.53
7,DENV,2017,11,191.0,1.69
7,DENV,2017,12,209.0,1.85
7,DENV,2018,1,170.0,1.49
7,DENV,2018,2,161.0,1.42
7,DENV,2018,3,126.0,1.11
7,DENV,2018,4,256.0,2.25
7,DENV,2018,5,191.0,1.68
7,DENV,2018,6,66.0,0.58
7,DENV,2018,7,69.0,0.61
7,DENV,2018,8,35.0,0.31
7,DENV,2018,9,32.0,0.28
7,DENV,2018,10,103.0,0.91
7,DENV,2018,11,71.0,0.62
7,DENV,2018,12,144.0,1.27
7,DENV,2019,1,428.0,3.73
7,DENV,2019,2,1357.0,11.83
7,DENV,2019,3,3658.0,31.9
7,DENV,2019,4,8954.0,78.08
7,DENV,2019,5,13154.0,114.7
7,DENV,2019,6,5039.0,43.94
7,DENV,2019,7,1827.0,15.93
7,DENV,2019,8,592.0,5.16
7,DENV,2019,9,466.0,4.06
7,DENV,2019,10,838.0,7.31
7,DENV,2019,11,2510.0,21.89
7,DENV,2019,12,6057.0,52.82
7,DENV,2020,1,27095.0,234.37
7,DENV,2020,2,66235.0,572.92
7,DENV,2020,3,79514.0,687.78
7,DENV,2020,4,49841.0,431.11
7,DENV,2020,5,22335.0,193.19
7,DENV,2020,6,9164.0,79.27
7,DENV,2020,7,3215.0,27.81
7,DENV,2020,8,743.0,6.43
7,DENV,2020,9,514.0,4.45
7,DENV,2020,10,632.0,5.47
7,DENV,2020,11,1427.0,12.34
7,DENV,2020,12,2722.0,23.54
7,DENV,2021,1,2467.0,21.21
7,DENV,2021,2,4129.0,35.5
7,DENV,2021,3,7270.0,62.51
7,DENV,2021,4,11264.0,96.85
7,DENV,2021,5,6089.0,52.35
7,DENV,2021,6,1762.0,15.15
7,DENV,2021,7,492.0,4.23
7,DENV,2021,8,284.0,2.44
7,DENV,2021,9,243.0,2.09
7,DENV,2021,10,180.0,1.55
7,DENV,2021,11,230.0,1.98
7,DENV,2021,12,301.0,2.59
7,DENV,2022,1,478.0,4.09
7,DENV,2022,2,2435.0,20.84
7,DENV,2022,3,29173.0,249.63
7,DENV,2022,4,59058.0,505.34
7,DENV,2022,5,47238.0,404.2
7,DENV,2022,6,9944.0,85.09
7,DENV,2022,7,3716.0,31.8
7,DENV,2022,8,1233.0,10.55
7,DENV,2022,9,546.0,4.67
7,DENV,2022,10,554.0,4.74
7,DENV,2022,11,757.0,6.48
7,DENV,2022,12,1055.0,9.03
7,DENV,2023,1,2111.0,17.96
7,DENV,2023,2,7409.0,63.03
7,DENV,2023,3,37610.0,319.98
7,DENV,2023,4,70577.0,600.46
7,DENV,2023,5,53938.0,458.9
7,DENV,2023,6,14403.0,122.54
7,DENV,2023,7,3958.0,33.67
7,DENV,2023,8,2133.0,18.15
7,DENV,2023,9,1528.0,13.0
7,DENV,2023,10,2134.0,18.16
7,DENV,2023,11,3990.0,33.95
7,DENV,2023,12,9606.0,81.73
7,DENV,2024,1,35869.0,303.34
7,DENV,2024,2,78990.0,668.01
7,DENV,2024,3,157606.0,1332.86
7,DENV,2024,4,187762.0,1587.88
7,DENV,2024,5,132973.0,1124.54
7,DENV,2024,6,32794.0,277.34
7,DENV,2024,7,8000.0,67.66
7,DENV,2024,8,3505.0,29.64
7,DENV,2024,9,2253.0,19.05
7,DENV,2024,10,2280.0,19.28
7,DENV,2024,11,2615.0,22.11
7,DENV,2024,12,3015.0,25.5
7,DENV,2025,1,6944.0,58.4
7,DENV,2025,2,13703.0,115.24
7,DENV,2025,3,29126.0,244.95
7,DENV,2025,4,28297.0,237.98
7,DENV,2025,5,17609.0,148.09
7,DENV,2025,6,4216.0,35.46
7,DENV,2025,7,1053.0,8.86
7,DENV,2025,8,668.0,5.62
7,DENV,2025,9,1019.0,8.57
7,DENV,2025,10,1432.0,12.04
7,DENV,2025,11,1681.0,14.14
7,DENV,2025,12,2052.0,17.26
8,DENV,2016,1,31429.0,70.58
8,DENV,2016,2,52475.0,117.84
8,DENV,2016,3,56623.0,127.16
8,DENV,2016,4,38741.0,87.0
8,DENV,2016,5,15159.0,34.04
8,DENV,2016,6,3030.0,6.8
8,DENV,2016,7,1101.0,2.47
8,DENV,2016,8,608.0,1.37
8,DENV,2016,9,551.0,1.24
8,DENV,2016,10,786.0,1.77
8,DENV,2016,11,1123.0,2.52
8,DENV,2016,12,1129.0,2.54
8,DENV,2017,1,965.0,2.15
8,DENV,2017,2,1036.0,2.31
8,DENV,2017,3,1192.0,2.66
8,DENV,2017,4,934.0,2.08
8,DENV,2017,5,699.0,1.56
8,DENV,2017,6,440.0,0.98
8,DENV,2017,7,314.0,0.7
8,DENV,2017,8,368.0,0.82
8,DENV,2017,9,616.0,1.37
8,DENV,2017,10,989.0,2.21
8,DENV,2017,11,941.0,2.1
8,DENV,2017,12,965.0,2.15
8,DENV,2018,1,1168.0,2.59
8,DENV,2018,2,1269.0,2.82
8,DENV,2018,3,1971.0,4.37
8,DENV,2018,4,2388.0,5.3
8,DENV,2018,5,2324.0,5.16
8,DENV,2018,6,1134.0,2.52
8,DENV,2018,7,793.0,1.76
8,DENV,2018,8,577.0,1.28
8,DENV,2018,9,438.0,0.97
8,DENV,2018,10,780.0,1.73
8,DENV,2018,11,1615.0,3.58
8,DENV,2018,12,3871.0,8.59
8,DENV,2019,1,19668.0,43.41
8,DENV,2019,2,46485.0,102.6
8,DENV,2019,3,64355.0,142.04
8,DENV,2019,4,111710.0,246.57
8,DENV,2019,5,121907.0,269.07
8,DENV,2019,6,42786.0,94.44
8,DENV,2019,7,13653.0,30.13
8,DENV,2019,8,4486.0,9.9
8,DENV,2019,9,2838.0,6.26
8,DENV,2019,10,3126.0,6.9
8,DENV,2019,11,4274.0,9.43
8,DENV,2019,12,6759.0,14.92
8,DENV,2020,1,31816.0,69.89
8,DENV,2020,2,57491.0,126.29
8,DENV,2020,3,49256.0,108.2
8,DENV,2020,4,32115.0,70.55
8,DENV,2020,5,17426.0,38.28
8,DENV,2020,6,6775.0,14.88
8,DENV,2020,7,3262.0,7.17
8,DENV,2020,8,1708.0,3.75
8,DENV,2020,9,1419.0,3.12
8,DENV,2020,10,1283.0,2.82
8,DENV,2020,11,1193.0,2.62
8,DENV,2020,12,2001.0,4.4
8,DENV,2021,1,4679.0,10.25
8,DENV,2021,2,16882.0,36.98
8,DENV,2021,3,35165.0,77.03
8,DENV,2021,4,49019.0,107.38
8,DENV,2021,5,28043.0,61.43
8,DENV,2021,6,10268.0,22.49
8,DENV,2021,7,3113.0,6.82
8,DENV,2021,8,1634.0,3.58
8,DENV,2021,9,1443.0,3.16
8,DENV,2021,10,1275.0,2.79
8,DENV,2021,11,1964.0,4.3
8,DENV,2021,12,5070.0,11.11
8,DENV,2022,1,6598.0,14.43
8,DENV,2022,2,13802.0,30.18
8,DENV,2022,3,60699.0,132.71
8,DENV,2022,4,110685.0,242.0
8,DENV,2022,5,100219.0,219.12
8,DENV,2022,6,27903.0,61.01
8,DENV,2022,7,10918.0,23.87
8,DENV,2022,8,5863.0,12.82
8,DENV,2022,9,3082.0,6.74
8,DENV,2022,10,3017.0,6.6
8,DENV,2022,11,3398.0,7.43
8,DENV,2022,12,4707.0,10.29
8,DENV,2023,1,13158.0,28.7
8,DENV,2023,2,33877.0,73.89
8,DENV,2023,3,83978.0,183.16
8,DENV,2023,4,95963.0,209.3
8,DENV,2023,5,63739.0,139.01
8,DENV,2023,6,16312.0,35.58
8,DENV,2023,7,4696.0,10.24
8,DENV,2023,8,3172.0,6.92
8,DENV,2023,9,2896.0,6.32
8,DENV,2023,10,3753.0,8.19
8,DENV,2023,11,5243.0,11.43
8,DENV,2023,12,10386.0,22.65
8,DENV,2024,1,49595.0,107.88
8,DENV,2024,2,168738.0,367.04
8,DENV,2024,3,424763.0,923.94
8,DENV,2024,4,619383.0,1347.27
8,DENV,2024,5,575513.0,1251.84
8,DENV,2024,6,187129.0,407.04
8,DENV,2024,7,55346.0,120.39
8,DENV,2024,8,23204.0,50.47
8,DENV,2024,9,15245.0,33.16
8,DENV,2024,10,14247.0,30.99
8,DENV,2024,11,16714.0,36.36
8,DENV,2024,12,32536.0,70.77
8,DENV,2025,1,116550.0,252.92
8,DENV,2025,2,161609.0,350.7
8,DENV,2025,3,238699.0,517.99
8,DENV,2025,4,185040.0,401.55
8,DENV,2025,5,107908.0,234.17
8,DENV,2025,6,32879.0,71.35
8,DENV,2025,7,12152.0,26.37
8,DENV,2025,8,7009.0,15.21
8,DENV,2025,9,7950.0,17.25
8,DENV,2025,10,8685.0,18.85
8,DENV,2025,11,8035.0,17.44
8,DENV,2025,12,8824.0,19.15
9,DENV,2016,1,16318.0,95.74
9,DENV,2016,2,16448.0,96.5
9,DENV,2016,3,17401.0,102.1
9,DENV,2016,4,18421.0,108.08
9,DENV,2016,5,10249.0,60.13
9,DENV,2016,6,3662.0,21.49
9,DENV,2016,7,1932.0,11.34
9,DENV,2016,8,885.0,5.19
9,DENV,2016,9,564.0,3.31
9,DENV,2016,10,485.0,2.85
9,DENV,2016,11,723.0,4.24
9,DENV,2016,12,1039.0,6.1
9,DENV,2017,1,1507.0,8.81
9,DENV,2017,2,1368.0,8.0
9,DENV,2017,3,1638.0,9.58
9,DENV,2017,4,1309.0,7.65
9,DENV,2017,5,1421.0,8.31
9,DENV,2017,6,831.0,4.86
9,DENV,2017,7,603.0,3.53
9,DENV,2017,8,432.0,2.53
9,DENV,2017,9,334.0,1.95
9,DENV,2017,10,443.0,2.59
9,DENV,2017,11,485.0,2.84
9,DENV,2017,12,630.0,3.68
9,DENV,2018,1,1106.0,6.45
9,DENV,2018,2,1510.0,8.81
9,DENV,2018,3,2652.0,15.46
9,DENV,2018,4,2956.0,17.24
9,DENV,2018,5,2033.0,11.85
9,DENV,2018,6,1136.0,6.62
9,DENV,2018,7,937.0,5.46
9,DENV,2018,8,581.0,3.39
9,DENV,2018,9,327.0,1.91
9,DENV,2018,10,402.0,2.34
9,DENV,2018,11,447.0,2.61
9,DENV,2018,12,763.0,4.45
9,DENV,2019,1,1229.0,7.15
9,DENV,2019,2,1143.0,6.65
9,DENV,2019,3,2920.0,16.98
9,DENV,2019,4,7252.0,42.18
9,DENV,2019,5,10223.0,59.46
9,DENV,2019,6,4389.0,25.53
9,DENV,2019,7,1941.0,11.29
9,DENV,2019,8,740.0,4.3
9,DENV,2019,9,534.0,3.11
9,DENV,2019,10,412.0,2.4
9,DENV,2019,11,471.0,2.74
9,DENV,2019,12,492.0,2.86
9,DENV,2020,1,858.0,4.98
9,DENV,2020,2,999.0,5.8
9,DENV,2020,3,851.0,4.94
9,DENV,2020,4,487.0,2.83
9,DENV,2020,5,290.0,1.68
9,DENV,2020,6,152.0,0.88
9,DENV,2020,7,148.0,0.86
9,DENV,2020,8,115.0,0.67
9,DENV,2020,9,110.0,0.64
9,DENV,2020,10,107.0,0.62
9,DENV,2020,11,119.0,0.69
9,DENV,2020,12,114.0,0.66
9,DENV,2021,1,72.0,0.42
9,DENV,2021,2,150.0,0.87
9,DENV,2021,3,332.0,1.93
9,DENV,2021,4,596.0,3.46
9,DENV,2021,5,417.0,2.42
9,DENV,2021,6,372.0,2.16
9,DENV,2021,7,223.0,1.29
9,DENV,2021,8,162.0,0.94
9,DENV,2021,9,111.0,0.64
9,DENV,2021,10,61.0,0.35
9,DENV,2021,11,84.0,0.49
9,DENV,2021,12,117.0,0.68
9,DENV,2022,1,70.0,0.41
9,DENV,2022,2,231.0,1.34
9,DENV,2022,3,916.0,5.32
9,DENV,2022,4,1695.0,9.85
9,DENV,2022,5,3085.0,17.92
9,DENV,2022,6,1775.0,10.31
9,DENV,2022,7,924.0,5.37
9,DENV,2022,8,624.0,3.63
9,DENV,2022,9,379.0,2.2
9,DENV,2022,10,454.0,2.64
9,DENV,2022,11,458.0,2.66
9,DENV,2022,12,527.0,3.06
9,DENV,2023,1,1216.0,7.06
9,DENV,2023,2,2799.0,16.26
9,DENV,2023,3,6655.0,38.66
9,DENV,2023,4,7657.0,44.48
9,DENV,2023,5,7876.0,45.75
9,DENV,2023,6,5273.0,30.63
9,DENV,2023,7,2754.0,16.0
9,DENV,2023,8,2311.0,13.43
9,DENV,2023,9,1503.0,8.73
9,DENV,2023,10,1783.0,10.36
9,DENV,2023,11,3048.0,17.71
9,DENV,2023,12,7042.0,40.91
9,DENV,2024,1,24886.0,144.52
9,DENV,2024,2,84688.0,491.81
9,DENV,2024,3,89018.0,516.96
9,DENV,2024,4,50015.0,290.45
9,DENV,2024,5,26873.0,156.06
9,DENV,2024,6,10700.0,62.14
9,DENV,2024,7,5778.0,33.55
9,DENV,2024,8,3181.0,18.47
9,DENV,2024,9,2301.0,13.36
9,DENV,2024,10,1650.0,9.58
9,DENV,2024,11,1628.0,9.45
9,DENV,2024,12,1473.0,8.55
9,DENV,2025,1,3220.0,18.7
9,DENV,2025,2,6640.0,38.55
9,DENV,2025,3,5213.0,30.27
9,DENV,2025,4,5335.0,30.98
9,DENV,2025,5,3870.0,22.47
9,DENV,2025,6,1605.0,9.32
9,DENV,2025,7,781.0,4.53
9,DENV,2025,8,606.0,3.52
9,DENV,2025,9,625.0,3.63
9,DENV,2025,10,571.0,3.32
9,DENV,2025,11,491.0,2.85
9,DENV,2025,12,488.0,2.83
10,DENV,2016,1,10065.0,260.02
10,DENV,2016,2,10880.0,281.07
10,DENV,2016,3,9907.0,255.94
10,DENV,2016,4,6455.0,166.76
10,DENV,2016,5,2227.0,57.53
10,DENV,2016,6,651.0,16.82
10,DENV,2016,7,413.0,10.67
10,DENV,2016,8,359.0,9.27
10,DENV,2016,9,340.0,8.78
10,DENV,2016,10,325.0,8.4
10,DENV,2016,11,510.0,13.18
10,DENV,2016,12,974.0,25.16
10,DENV,2017,1,1146.0,29.35
10,DENV,2017,2,732.0,18.75
10,DENV,2017,3,1313.0,33.63
10,DENV,2017,4,823.0,21.08
10,DENV,2017,5,786.0,20.13
10,DENV,2017,6,553.0,14.16
10,DENV,2017,7,299.0,7.66
10,DENV,2017,8,290.0,7.43
10,DENV,2017,9,200.0,5.12
10,DENV,2017,10,191.0,4.89
10,DENV,2017,11,227.0,5.81
10,DENV,2017,12,329.0,8.43
10,DENV,2018,1,396.0,10.06
10,DENV,2018,2,427.0,10.85
10,DENV,2018,3,971.0,24.66
10,DENV,2018,4,1398.0,35.51
10,DENV,2018,5,1255.0,31.88
10,DENV,2018,6,1183.0,30.05
10,DENV,2018,7,999.0,25.37
10,DENV,2018,8,782.0,19.86
10,DENV,2018,9,453.0,11.51
10,DENV,2018,10,609.0,15.47
10,DENV,2018,11,578.0,14.68
10,DENV,2018,12,1216.0,30.89
10,DENV,2019,1,3147.0,79.27
10,DENV,2019,2,3805.0,95.84
10,DENV,2019,3,6433.0,162.04
10,DENV,2019,4,9213.0,232.06
10,DENV,2019,5,13024.0,328.06
10,DENV,2019,6,12089.0,304.51
10,DENV,2019,7,8050.0,202.77
10,DENV,2019,8,2982.0,75.11
10,DENV,2019,9,1660.0,41.81
10,DENV,2019,10,1338.0,33.7
10,DENV,2019,11,1294.0,32.59
10,DENV,2019,12,2143.0,53.98
10,DENV,2020,1,5126.0,128.1
10,DENV,2020,2,7084.0,177.04
10,DENV,2020,3,7583.0,189.51
10,DENV,2020,4,5882.0,147.0
10,DENV,2020,5,3815.0,95.34
10,DENV,2020,6,1784.0,44.58
10,DENV,2020,7,845.0,21.12
10,DENV,2020,8,638.0,15.94
10,DENV,2020,9,531.0,13.27
10,DENV,2020,10,378.0,9.45
10,DENV,2020,11,329.0,8.22
10,DENV,2020,12,561.0,14.02
10,DENV,2021,1,443.0,11.0
10,DENV,2021,2,456.0,11.32
10,DENV,2021,3,865.0,21.48
10,DENV,2021,4,1111.0,27.59
10,DENV,2021,5,1274.0,31.63
10,DENV,2021,6,1330.0,33.02
10,DENV,2021,7,808.0,20.06
10,DENV,2021,8,662.0,16.44
10,DENV,2021,9,440.0,10.92
10,DENV,2021,10,331.0,8.22
10,DENV,2021,11,367.0,9.11
10,DENV,2021,12,639.0,15.87
10,DENV,2022,1,393.0,9.7
10,DENV,2022,2,410.0,10.12
10,DENV,2022,3,889.0,21.95
10,DENV,2022,4,1524.0,37.62
10,DENV,2022,5,1895.0,46.78
10,DENV,2022,6,998.0,24.64
10,DENV,2022,7,749.0,18.49
10,DENV,2022,8,771.0,19.03
10,DENV,2022,9,496.0,12.24
10,DENV,2022,10,618.0,15.26
10,DENV,2022,11,849.0,20.96
10,DENV,2022,12,1626.0,40.14
10,DENV,2023,1,7164.0,175.76
10,DENV,2023,2,17432.0,427.67
10,DENV,2023,3,30180.0,740.42
10,DENV,2023,4,24033.0,589.61
10,DENV,2023,5,19540.0,479.38
10,DENV,2023,6,12498.0,306.62
10,DENV,2023,7,7109.0,174.41
10,DENV,2023,8,5056.0,124.04
10,DENV,2023,9,3236.0,79.39
10,DENV,2023,10,3556.0,87.24
10,DENV,2023,11,3589.0,88.05
10,DENV,2023,12,3304.0,81.06
10,DENV,2024,1,6990.0,170.4
10,DENV,2024,2,23554.0,574.19
10,DENV,2024,3,39639.0,966.3
10,DENV,2024,4,27402.0,667.99
10,DENV,2024,5,14433.0,351.84
10,DENV,2024,6,7733.0,188.51
10,DENV,2024,7,4777.0,116.45
10,DENV,2024,8,2766.0,67.43
10,DENV,2024,9,1671.0,40.73
10,DENV,2024,10,1898.0,46.27
10,DENV,2024,11,2351.0,57.31
10,DENV,2024,12,4657.0,113.53
10,DENV,2025,1,5541.0,134.27
10,DENV,2025,2,4061.0,98.4
10,DENV,2025,3,3330.0,80.69
10,DENV,2025,4,3067.0,74.32
10,DENV,2025,5,3117.0,75.53
10,DENV,2025,6,2501.0,60.6
10,DENV,2025,7,2300.0,55.73
10,DENV,2025,8,1974.0,47.83
10,DENV,2025,9,2273.0,55.08
10,DENV,2025,10,2381.0,57.7
10,DENV,2025,11,1735.0,42.04
10,DENV,2025,12,1982.0,48.03
11,DENV,2016,1,50392.0,244.76
11,DENV,2016,2,128387.0,623.6
11,DENV,2016,3,163455.0,793.93
11,DENV,2016,4,125300.0,608.6
11,DENV,2016,5,45594.0,221.46
11,DENV,2016,6,8562.0,41.59
11,DENV,2016,7,1742.0,8.46
11,DENV,2016,8,1033.0,5.02
11,DENV,2016,9,797.0,3.87
11,DENV,2016,10,870.0,4.23
11,DENV,2016,11,1124.0,5.46
11,DENV,2016,12,1766.0,8.58
11,DENV,2017,1,4110.0,19.86
11,DENV,2017,2,4457.0,21.54
11,DENV,2017,3,5432.0,26.25
11,DENV,2017,4,3693.0,17.84
11,DENV,2017,5,3106.0,15.01
11,DENV,2017,6,1647.0,7.96
11,DENV,2017,7,627.0,3.03
11,DENV,2017,8,536.0,2.59
11,DENV,2017,9,504.0,2.44
11,DENV,2017,10,640.0,3.09
11,DENV,2017,11,689.0,3.33
11,DENV,2017,12,1025.0,4.95
11,DENV,2018,1,1924.0,9.25
11,DENV,2018,2,2207.0,10.61
11,DENV,2018,3,4095.0,19.69
11,DENV,2018,4,7343.0,35.3
11,DENV,2018,5,4572.0,21.98
11,DENV,2018,6,1869.0,8.99
11,DENV,2018,7,877.0,4.22
11,DENV,2018,8,555.0,2.67
11,DENV,2018,9,501.0,2.41
11,DENV,2018,10,785.0,3.77
11,DENV,2018,11,1348.0,6.48
11,DENV,2018,12,3099.0,14.9
11,DENV,2019,1,13199.0,63.1
11,DENV,2019,2,31368.0,149.97
11,DENV,2019,3,68451.0,327.25
11,DENV,2019,4,142207.0,679.87
11,DENV,2019,5,156327.0,747.38
11,DENV,2019,6,46272.0,221.22
11,DENV,2019,7,9368.0,44.79
11,DENV,2019,8,2183.0,10.44
11,DENV,2019,9,1962.0,9.38
11,DENV,2019,10,1575.0,7.53
11,DENV,2019,11,1408.0,6.73
11,DENV,2019,12,2186.0,10.45
11,DENV,2020,1,7054.0,33.54
11,DENV,2020,2,12017.0,57.14
11,DENV,2020,3,17042.0,81.03
11,DENV,2020,4,18537.0,88.14
11,DENV,2020,5,12418.0,59.04
11,DENV,2020,6,5234.0,24.89
11,DENV,2020,7,2689.0,12.79
11,DENV,2020,8,1404.0,6.68
11,DENV,2020,9,1270.0,6.04
11,DENV,2020,10,1099.0,5.23
11,DENV,2020,11,1311.0,6.23
11,DENV,2020,12,1752.0,8.33
11,DENV,2021,1,1619.0,7.67
11,DENV,2021,2,2691.0,12.74
11,DENV,2021,3,4677.0,22.15
11,DENV,2021,4,3803.0,18.01
11,DENV,2021,5,2728.0,12.92
11,DENV,2021,6,1750.0,8.29
11,DENV,2021,7,801.0,3.79
11,DENV,2021,8,596.0,2.82
11,DENV,2021,9,574.0,2.72
11,DENV,2021,10,522.0,2.47
11,DENV,2021,11,817.0,3.87
11,DENV,2021,12,1550.0,7.34
11,DENV,2022,1,2476.0,11.69
11,DENV,2022,2,3811.0,17.99
11,DENV,2022,3,13045.0,61.6
11,DENV,2022,4,24524.0,115.8
11,DENV,2022,5,23054.0,108.86
11,DENV,2022,6,7831.0,36.98
11,DENV,2022,7,2925.0,13.81
11,DENV,2022,8,1618.0,7.64
11,DENV,2022,9,1280.0,6.04
11,DENV,2022,10,1561.0,7.37
11,DENV,2022,11,2271.0,10.72
11,DENV,2022,12,4645.0,21.93
11,DENV,2023,1,14851.0,69.9
11,DENV,2023,2,41472.0,195.19
11,DENV,2023,3,91933.0,432.68
11,DENV,2023,4,102134.0,480.69
11,DENV,2023,5,74523.0,350.74
11,DENV,2023,6,22105.0,104.04
11,DENV,2023,7,6288.0,29.59
11,DENV,2023,8,3647.0,17.16
11,DENV,2023,9,3171.0,14.92
11,DENV,2023,10,5179.0,24.37
11,DENV,2023,11,12118.0,57.03
11,DENV,2023,12,28614.0,134.67
11,DENV,2024,1,128599.0,603.11
11,DENV,2024,2,391534.0,1836.23
11,DENV,2024,3,520880.0,2442.84
11,DENV,2024,4,372853.0,1748.62
11,DENV,2024,5,165655.0,776.9
11,DENV,2024,6,41182.0,193.14
11,DENV,2024,7,10433.0,48.93
11,DENV,2024,8,4279.0,20.07
11,DENV,2024,9,3560.0,16.7
11,DENV,2024,10,3968.0,18.61
11,DENV,2024,11,6588.0,30.9
11,DENV,2024,12,8841.0,41.46
11,DENV,2025,1,17608.0,82.31
11,DENV,2025,2,28787.0,134.56
11,DENV,2025,3,32722.0,152.95
11,DENV,2025,4,30613.0,143.1
11,DENV,2025,5,22399.0,104.7
11,DENV,2025,6,8538.0,39.91
11,DENV,2025,7,3244.0,15.16
11,DENV,2025,8,2174.0,10.16
11,DENV,2025,9,3151.0,14.73
11,DENV,2025,10,3955.0,18.49
11,DENV,2025,11,4072.0,19.03
11,DENV,2025,12,5049.0,23.6
12,DENV,2016,1,6888.0,47.41
12,DENV,2016,2,20497.0,141.1
12,DENV,2016,3,20898.0,143.86
12,DENV,2016,4,8951.0,61.62
12,DENV,2016,5,3882.0,26.72
12,DENV,2016,6,1706.0,11.74
12,DENV,2016,7,911.0,6.27
12,DENV,2016,8,735.0,5.06
12,DENV,2016,9,582.0,4.01
12,DENV,2016,10,745.0,5.13
12,DENV,2016,11,824.0,5.67
12,DENV,2016,12,1175.0,8.09
12,DENV,2017,1,2102.0,14.42
12,DENV,2017,2,1566.0,10.74
12,DENV,2017,3,1410.0,9.67
12,DENV,2017,4,1081.0,7.41
12,DENV,2017,5,1003.0,6.88
12,DENV,2017,6,624.0,4.28
12,DENV,2017,7,583.0,4.0
12,DENV,2017,8,458.0,3.14
12,DENV,2017,9,327.0,2.24
12,DENV,2017,10,346.0,2.37
12,DENV,2017,11,282.0,1.93
12,DENV,2017,12,316.0,2.17
12,DENV,2018,1,607.0,4.15
12,DENV,2018,2,609.0,4.16
12,DENV,2018,3,1060.0,7.24
12,DENV,2018,4,1707.0,11.67
12,DENV,2018,5,1787.0,12.21
12,DENV,2018,6,920.0,6.29
12,DENV,2018,7,539.0,3.68
12,DENV,2018,8,511.0,3.49
12,DENV,2018,9,347.0,2.37
12,DENV,2018,10,444.0,3.03
12,DENV,2018,11,596.0,4.07
12,DENV,2018,12,606.0,4.14
12,DENV,2019,1,2232.0,15.19
12,DENV,2019,2,4565.0,31.07
12,DENV,2019,3,5251.0,35.74
12,DENV,2019,4,8340.0,56.76
12,DENV,2019,5,14654.0,99.73
12,DENV,2019,6,10117.0,68.85
12,DENV,2019,7,7813.0,53.17
12,DENV,2019,8,4894.0,33.31
12,DENV,2019,9,3384.0,23.03
12,DENV,2019,10,2664.0,18.13
12,DENV,2019,11,2149.0,14.63
12,DENV,2019,12,1513.0,10.3
12,DENV,2020,1,2658.0,18.02
12,DENV,2020,2,5604.0,38.0
12,DENV,2020,3,10416.0,70.62
12,DENV,2020,4,17285.0,117.2
12,DENV,2020,5,19853.0,134.61
12,DENV,2020,6,14230.0,96.48
12,DENV,2020,7,6947.0,47.1
12,DENV,2020,8,2190.0,14.85
12,DENV,2020,9,1246.0,8.45
12,DENV,2020,10,906.0,6.14
12,DENV,2020,11,742.0,5.03
12,DENV,2020,12,736.0,4.99
12,DENV,2021,1,1132.0,7.65
12,DENV,2021,2,3579.0,24.2
12,DENV,2021,3,5146.0,34.8
12,DENV,2021,4,5052.0,34.16
12,DENV,2021,5,4182.0,28.28
12,DENV,2021,6,2014.0,13.62
12,DENV,2021,7,888.0,6.0
12,DENV,2021,8,466.0,3.15
12,DENV,2021,9,332.0,2.25
12,DENV,2021,10,280.0,1.89
12,DENV,2021,11,526.0,3.56
12,DENV,2021,12,1399.0,9.46
12,DENV,2022,1,1293.0,8.73
12,DENV,2022,2,2507.0,16.93
12,DENV,2022,3,5957.0,40.22
12,DENV,2022,4,7965.0,53.78
12,DENV,2022,5,7587.0,51.22
12,DENV,2022,6,3313.0,22.37
12,DENV,2022,7,1710.0,11.55
12,DENV,2022,8,1391.0,9.39
12,DENV,2022,9,858.0,5.79
12,DENV,2022,10,968.0,6.54
12,DENV,2022,11,978.0,6.6
12,DENV,2022,12,1197.0,8.08
12,DENV,2023,1,3259.0,21.98
12,DENV,2023,2,4934.0,33.27
12,DENV,2023,3,5913.0,39.88
12,DENV,2023,4,5423.0,36.57
12,DENV,2023,5,6388.0,43.08
12,DENV,2023,6,5915.0,39.89
12,DENV,2023,7,5239.0,35.33
12,DENV,2023,8,3741.0,25.23
12,DENV,2023,9,2113.0,14.25
12,DENV,2023,10,1602.0,10.8
12,DENV,2023,11,1395.0,9.41
12,DENV,2023,12,1497.0,10.1
12,DENV,2024,1,4040.0,27.2
12,DENV,2024,2,26826.0,180.64
12,DENV,2024,3,69501.0,468.0
12,DENV,2024,4,72563.0,488.62
12,DENV,2024,5,35445.0,238.68
12,DENV,2024,6,10347.0,69.67
12,DENV,2024,7,4821.0,32.46
12,DENV,2024,8,2429.0,16.36
12,DENV,2024,9,1589.0,10.7
12,DENV,2024,10,1277.0,8.6
12,DENV,2024,11,1402.0,9.44
12,DENV,2024,12,1702.0,11.46
12,DENV,2025,1,2939.0,19.76
12,DENV,2025,2,3886.0,26.13
12,DENV,2025,3,4522.0,30.41
12,DENV,2025,4,4853.0,32.63
12,DENV,2025,5,4546.0,30.57
12,DENV,2025,6,2813.0,18.92
12,DENV,2025,7,2171.0,14.6
12,DENV,2025,8,1511.0,10.16
12,DENV,2025,9,1468.0,9.87
12,DENV,2025,10,1346.0,9.05
12,DENV,2025,11,1240.0,8.34
12,DENV,2025,12,1165.0,7.83
13,DENV,2016,1,431.0,19.61
13,DENV,2016,2,1119.0,50.9
13,DENV,2016,3,612.0,27.84
13,DENV,2016,4,469.0,21.33
13,DENV,2016,5,164.0,7.46
13,DENV,2016,6,95.0,4.32
13,DENV,2016,7,131.0,5.96
13,DENV,2016,8,203.0,9.23
13,DENV,2016,9,88.0,4.0
13,DENV,2016,10,103.0,4.69
13,DENV,2016,11,80.0,3.64
13,DENV,2016,12,112.0,5.09
13,DENV,2017,1,82.0,3.71
13,DENV,2017,2,36.0,1.63
13,DENV,2017,3,85.0,3.84
13,DENV,2017,4,76.0,3.43
13,DENV,2017,5,80.0,3.62
13,DENV,2017,6,56.0,2.53
13,DENV,2017,7,24.0,1.08
13,DENV,2017,8,38.0,1.72
13,DENV,2017,9,51.0,2.3
13,DENV,2017,10,40.0,1.81
13,DENV,2017,11,41.0,1.85
13,DENV,2017,12,13.0,0.59
13,DENV,2018,1,9.0,0.4
13,DENV,2018,2,11.0,0.49
13,DENV,2018,3,18.0,0.81
13,DENV,2018,4,22.0,0.99
13,DENV,2018,5,42.0,1.89
13,DENV,2018,6,20.0,0.9
13,DENV,2018,7,30.0,1.35
13,DENV,2018,8,19.0,0.85
13,DENV,2018,9,11.0,0.49
13,DENV,2018,10,18.0,0.81
13,DENV,2018,11,26.0,1.17
13,DENV,2018,12,11.0,0.49
13,DENV,2019,1,14.0,0.62
13,DENV,2019,2,18.0,0.8
13,DENV,2019,3,53.0,2.36
13,DENV,2019,4,120.0,5.35
13,DENV,2019,5,533.0,23.78
13,DENV,2019,6,856.0,38.19
13,DENV,2019,7,1653.0,73.75
13,DENV,2019,8,1385.0,61.79
13,DENV,2019,9,708.0,31.59
13,DENV,2019,10,402.0,17.94
13,DENV,2019,11,195.0,8.7
13,DENV,2019,12,79.0,3.52
13,DENV,2020,1,35.0,1.55
13,DENV,2020,2,37.0,1.64
13,DENV,2020,3,61.0,2.71
13,DENV,2020,4,69.0,3.06
13,DENV,2020,5,146.0,6.48
13,DENV,2020,6,385.0,17.08
13,DENV,2020,7,450.0,19.96
13,DENV,2020,8,308.0,13.66
13,DENV,2020,9,167.0,7.41
13,DENV,2020,10,107.0,4.75
13,DENV,2020,11,47.0,2.08
13,DENV,2020,12,41.0,1.82
13,DENV,2021,1,21.0,0.93
13,DENV,2021,2,16.0,0.71
13,DENV,2021,3,20.0,0.88
13,DENV,2021,4,29.0,1.28
13,DENV,2021,5,37.0,1.63
13,DENV,2021,6,71.0,3.13
13,DENV,2021,7,160.0,7.06
13,DENV,2021,8,145.0,6.4
13,DENV,2021,9,110.0,4.86
13,DENV,2021,10,57.0,2.52
13,DENV,2021,11,53.0,2.34
13,DENV,2021,12,50.0,2.21
13,DENV,2022,1,14.0,0.62
13,DENV,2022,2,39.0,1.72
13,DENV,2022,3,103.0,4.53
13,DENV,2022,4,311.0,13.68
13,DENV,2022,5,755.0,33.21
13,DENV,2022,6,1075.0,47.28
13,DENV,2022,7,1128.0,49.61
13,DENV,2022,8,843.0,37.08
13,DENV,2022,9,388.0,17.07
13,DENV,2022,10,260.0,11.44
13,DENV,2022,11,162.0,7.13
13,DENV,2022,12,166.0,7.3
13,DENV,2023,1,169.0,7.41
13,DENV,2023,2,229.0,10.04
13,DENV,2023,3,298.0,13.06
13,DENV,2023,4,272.0,11.92
13,DENV,2023,5,322.0,14.11
13,DENV,2023,6,447.0,19.59
13,DENV,2023,7,417.0,18.27
13,DENV,2023,8,315.0,13.8
13,DENV,2023,9,173.0,7.58
13,DENV,2023,10,157.0,6.88
13,DENV,2023,11,88.0,3.86
13,DENV,2023,12,65.0,2.85
13,DENV,2024,1,72.0,3.14
13,DENV,2024,2,245.0,10.69
13,DENV,2024,3,353.0,15.41
13,DENV,2024,4,357.0,15.58
13,DENV,2024,5,216.0,9.43
13,DENV,2024,6,262.0,11.44
13,DENV,2024,7,199.0,8.69
13,DENV,2024,8,130.0,5.67
13,DENV,2024,9,80.0,3.49
13,DENV,2024,10,71.0,3.1
13,DENV,2024,11,44.0,1.92
13,DENV,2024,12,27.0,1.18
13,DENV,2025,1,51.0,2.22
13,DENV,2025,2,42.0,1.83
13,DENV,2025,3,43.0,1.87
13,DENV,2025,4,59.0,2.57
13,DENV,2025,5,90.0,3.91
13,DENV,2025,6,98.0,4.26
13,DENV,2025,7,78.0,3.39
13,DENV,2025,8,80.0,3.48
13,DENV,2025,9,63.0,2.74
13,DENV,2025,10,79.0,3.44
13,DENV,2025,11,59.0,2.57
13,DENV,2025,12,48.0,2.09
14,DENV,2016,1,3095.0,97.09
14,DENV,2016,2,3505.0,109.95
14,DENV,2016,3,3939.0,123.56
14,DENV,2016,4,2840.0,89.09
14,DENV,2016,5,2155.0,67.6
14,DENV,2016,6,1335.0,41.88
14,DENV,2016,7,928.0,29.11
14,DENV,2016,8,645.0,20.23
14,DENV,2016,9,381.0,11.95
14,DENV,2016,10,219.0,6.87
14,DENV,2016,11,138.0,4.33
14,DENV,2016,12,150.0,4.71
14,DENV,2017,1,163.0,5.1
14,DENV,2017,2,125.0,3.91
14,DENV,2017,3,233.0,7.3
14,DENV,2017,4,312.0,9.77
14,DENV,2017,5,499.0,15.63
14,DENV,2017,6,507.0,15.88
14,DENV,2017,7,318.0,9.96
14,DENV,2017,8,231.0,7.23
14,DENV,2017,9,152.0,4.76
14,DENV,2017,10,154.0,4.82
14,DENV,2017,11,126.0,3.95
14,DENV,2017,12,108.0,3.38
14,DENV,2018,1,160.0,5.0
14,DENV,2018,2,139.0,4.34
14,DENV,2018,3,129.0,4.03
14,DENV,2018,4,180.0,5.62
14,DENV,2018,5,286.0,8.94
14,DENV,2018,6,307.0,9.59
14,DENV,2018,7,229.0,7.16
14,DENV,2018,8,206.0,6.44
14,DENV,2018,9,135.0,4.22
14,DENV,2018,10,149.0,4.66
14,DENV,2018,11,144.0,4.5
14,DENV,2018,12,148.0,4.62
14,DENV,2019,1,309.0,9.63
14,DENV,2019,2,492.0,15.33
14,DENV,2019,3,817.0,25.46
14,DENV,2019,4,1491.0,46.47
14,DENV,2019,5,3480.0,108.46
14,DENV,2019,6,3972.0,123.79
14,DENV,2019,7,4146.0,129.21
14,DENV,2019,8,2786.0,86.83
14,DENV,2019,9,1388.0,43.26
14,DENV,2019,10,1065.0,33.19
14,DENV,2019,11,638.0,19.88
14,DENV,2019,12,300.0,9.35
14,DENV,2020,1,177.0,5.51
14,DENV,2020,2,160.0,4.98
14,DENV,2020,3,150.0,4.67
14,DENV,2020,4,295.0,9.18
14,DENV,2020,5,308.0,9.58
14,DENV,2020,6,347.0,10.79
14,DENV,2020,7,349.0,10.86
14,DENV,2020,8,182.0,5.66
14,DENV,2020,9,118.0,3.67
14,DENV,2020,10,94.0,2.92
14,DENV,2020,11,65.0,2.02
14,DENV,2020,12,81.0,2.52
14,DENV,2021,1,45.0,1.4
14,DENV,2021,2,48.0,1.49
14,DENV,2021,3,66.0,2.05
14,DENV,2021,4,100.0,3.11
14,DENV,2021,5,209.0,6.5
14,DENV,2021,6,707.0,21.97
14,DENV,2021,7,1396.0,43.38
14,DENV,2021,8,1526.0,47.42
14,DENV,2021,9,1369.0,42.54
14,DENV,2021,10,943.0,29.31
14,DENV,2021,11,668.0,20.76
14,DENV,2021,12,557.0,17.31
14,DENV,2022,1,169.0,5.25
14,DENV,2022,2,381.0,11.84
14,DENV,2022,3,642.0,19.95
14,DENV,2022,4,2259.0,70.19
14,DENV,2022,5,7917.0,245.99
14,DENV,2022,6,8700.0,270.32
14,DENV,2022,7,6476.0,201.22
14,DENV,2022,8,3750.0,116.52
14,DENV,2022,9,1892.0,58.79
14,DENV,2022,10,815.0,25.32
14,DENV,2022,11,446.0,13.86
14,DENV,2022,12,273.0,8.48
14,DENV,2023,1,225.0,6.99
14,DENV,2023,2,237.0,7.36
14,DENV,2023,3,390.0,12.12
14,DENV,2023,4,616.0,19.14
14,DENV,2023,5,595.0,18.49
14,DENV,2023,6,540.0,16.78
14,DENV,2023,7,545.0,16.93
14,DENV,2023,8,447.0,13.89
14,DENV,2023,9,338.0,10.5
14,DENV,2023,10,316.0,9.82
14,DENV,2023,11,297.0,9.23
14,DENV,2023,12,226.0,7.02
14,DENV,2024,1,278.0,8.63
14,DENV,2024,2,1142.0,35.46
14,DENV,2024,3,2186.0,67.89
14,DENV,2024,4,2290.0,71.12
14,DENV,2024,5,2367.0,73.51
14,DENV,2024,6,2635.0,81.83
14,DENV,2024,7,3143.0,97.61
14,DENV,2024,8,1783.0,55.37
14,DENV,2024,9,999.0,31.02
14,DENV,2024,10,599.0,18.6
14,DENV,2024,11,322.0,10.0
14,DENV,2024,12,250.0,7.76
14,DENV,2025,1,296.0,9.19
14,DENV,2025,2,273.0,8.48
14,DENV,2025,3,406.0,12.61
14,DENV,2025,4,554.0,17.2
14,DENV,2025,5,561.0,17.42
14,DENV,2025,6,732.0,22.73
14,DENV,2025,7,1081.0,33.56
14,DENV,2025,8,1607.0,49.89
14,DENV,2025,9,1061.0,32.94
14,DENV,2025,10,901.0,27.97
14,DENV,2025,11,385.0,11.95
14,DENV,2025,12,329.0,10.21
15,DENV,2016,1,16375.0,176.78
15,DENV,2016,2,17690.0,190.98
15,DENV,2016,3,13097.0,141.4
15,DENV,2016,4,5474.0,59.1
15,DENV,2016,5,3245.0,35.03
15,DENV,2016,6,1959.0,21.15
15,DENV,2016,7,1234.0,13.32
15,DENV,2016,8,1162.0,12.54
15,DENV,2016,9,781.0,8.43
15,DENV,2016,10,598.0,6.46
15,DENV,2016,11,538.0,5.81
15,DENV,2016,12,441.0,4.76
15,DENV,2017,1,498.0,5.35
15,DENV,2017,2,456.0,4.9
15,DENV,2017,3,695.0,7.47
15,DENV,2017,4,687.0,7.38
15,DENV,2017,5,1255.0,13.49
15,DENV,2017,6,1235.0,13.27
15,DENV,2017,7,694.0,7.46
15,DENV,2017,8,721.0,7.75
15,DENV,2017,9,510.0,5.48
15,DENV,2017,10,459.0,4.93
15,DENV,2017,11,337.0,3.62
15,DENV,2017,12,379.0,4.07
15,DENV,2018,1,485.0,5.19
15,DENV,2018,2,574.0,6.14
15,DENV,2018,3,1056.0,11.3
15,DENV,2018,4,2026.0,21.67
15,DENV,2018,5,1573.0,16.83
15,DENV,2018,6,1178.0,12.6
15,DENV,2018,7,906.0,9.69
15,DENV,2018,8,883.0,9.45
15,DENV,2018,9,529.0,5.66
15,DENV,2018,10,723.0,7.73
15,DENV,2018,11,686.0,7.34
15,DENV,2018,12,612.0,6.55
15,DENV,2019,1,607.0,6.46
15,DENV,2019,2,1536.0,16.35
15,DENV,2019,3,2048.0,21.8
15,DENV,2019,4,4624.0,49.21
15,DENV,2019,5,8836.0,94.03
15,DENV,2019,6,5584.0,59.43
15,DENV,2019,7,3964.0,42.19
15,DENV,2019,8,2997.0,31.89
15,DENV,2019,9,2843.0,30.26
15,DENV,2019,10,2322.0,24.71
15,DENV,2019,11,1446.0,15.39
15,DENV,2019,12,948.0,10.09
15,DENV,2020,1,852.0,9.03
15,DENV,2020,2,980.0,10.38
15,DENV,2020,3,1260.0,13.35
15,DENV,2020,4,1814.0,19.22
15,DENV,2020,5,3115.0,33.0
15,DENV,2020,6,2756.0,29.2
15,DENV,2020,7,2961.0,31.37
15,DENV,2020,8,2141.0,22.68
15,DENV,2020,9,1648.0,17.46
15,DENV,2020,10,1178.0,12.48
15,DENV,2020,11,840.0,8.9
15,DENV,2020,12,666.0,7.06
15,DENV,2021,1,341.0,3.6
15,DENV,2021,2,784.0,8.28
15,DENV,2021,3,1643.0,17.35
15,DENV,2021,4,2332.0,24.62
15,DENV,2021,5,6123.0,64.66
15,DENV,2021,6,7843.0,82.82
15,DENV,2021,7,7097.0,74.94
15,DENV,2021,8,3852.0,40.68
15,DENV,2021,9,2566.0,27.1
15,DENV,2021,10,1536.0,16.22
15,DENV,2021,11,1073.0,11.33
15,DENV,2021,12,1174.0,12.4
15,DENV,2022,1,291.0,3.07
15,DENV,2022,2,669.0,7.05
15,DENV,2022,3,1502.0,15.82
15,DENV,2022,4,2451.0,25.82
15,DENV,2022,5,3430.0,36.13
15,DENV,2022,6,2236.0,23.55
15,DENV,2022,7,1445.0,15.22
15,DENV,2022,8,1500.0,15.8
15,DENV,2022,9,751.0,7.91
15,DENV,2022,10,684.0,7.21
15,DENV,2022,11,652.0,6.87
15,DENV,2022,12,495.0,5.21
15,DENV,2023,1,277.0,2.91
15,DENV,2023,2,439.0,4.61
15,DENV,2023,3,1337.0,14.05
15,DENV,2023,4,1212.0,12.74
15,DENV,2023,5,787.0,8.27
15,DENV,2023,6,587.0,6.17
15,DENV,2023,7,610.0,6.41
15,DENV,2023,8,631.0,6.63
15,DENV,2023,9,463.0,4.87
15,DENV,2023,10,542.0,5.7
15,DENV,2023,11,527.0,5.54
15,DENV,2023,12,565.0,5.94
15,DENV,2024,1,309.0,3.24
15,DENV,2024,2,1564.0,16.4
15,DENV,2024,3,4439.0,46.54
15,DENV,2024,4,4757.0,49.87
15,DENV,2024,5,3210.0,33.65
15,DENV,2024,6,2222.0,23.29
15,DENV,2024,7,1771.0,18.57
15,DENV,2024,8,1057.0,11.08
15,DENV,2024,9,773.0,8.1
15,DENV,2024,10,591.0,6.2
15,DENV,2024,11,631.0,6.61
15,DENV,2024,12,835.0,8.75
15,DENV,2025,1,1161.0,12.14
15,DENV,2025,2,1374.0,14.37
15,DENV,2025,3,1718.0,17.97
15,DENV,2025,4,2383.0,24.92
15,DENV,2025,5,1818.0,19.01
15,DENV,2025,6,1717.0,17.96
15,DENV,2025,7,2204.0,23.05
15,DENV,2025,8,2733.0,28.58
15,DENV,2025,9,2398.0,25.08
15,DENV,2025,10,2056.0,21.5
15,DENV,2025,11,1178.0,12.32
15,DENV,2025,12,928.0,9.71
16,DENV,2016,1,4252.0,107.44
16,DENV,2016,2,6292.0,158.99
16,DENV,2016,3,9330.0,235.76
16,DENV,2016,4,6642.0,167.84
16,DENV,2016,5,4313.0,108.98
16,DENV,2016,6,2672.0,67.52
16,DENV,2016,7,1224.0,30.93
16,DENV,2016,8,350.0,8.84
16,DENV,2016,9,194.0,4.9
16,DENV,2016,10,310.0,7.83
16,DENV,2016,11,124.0,3.13
16,DENV,2016,12,66.0,1.67
16,DENV,2017,1,151.0,3.79
16,DENV,2017,2,249.0,6.25
16,DENV,2017,3,464.0,11.65
16,DENV,2017,4,322.0,8.09
16,DENV,2017,5,286.0,7.18
16,DENV,2017,6,388.0,9.75
16,DENV,2017,7,366.0,9.19
16,DENV,2017,8,503.0,12.63
16,DENV,2017,9,276.0,6.93
16,DENV,2017,10,332.0,8.34
16,DENV,2017,11,299.0,7.51
16,DENV,2017,12,205.0,5.15
16,DENV,2018,1,353.0,8.81
16,DENV,2018,2,368.0,9.18
16,DENV,2018,3,587.0,14.64
16,DENV,2018,4,1976.0,49.3
16,DENV,2018,5,2715.0,67.73
16,DENV,2018,6,1868.0,46.6
16,DENV,2018,7,1130.0,28.19
16,DENV,2018,8,835.0,20.83
16,DENV,2018,9,336.0,8.38
16,DENV,2018,10,333.0,8.31
16,DENV,2018,11,269.0,6.71
16,DENV,2018,12,237.0,5.91
16,DENV,2019,1,305.0,7.55
16,DENV,2019,2,575.0,14.24
16,DENV,2019,3,1043.0,25.83
16,DENV,2019,4,2229.0,55.2
16,DENV,2019,5,3535.0,87.55
16,DENV,2019,6,2744.0,67.96
16,DENV,2019,7,2834.0,70.19
16,DENV,2019,8,2396.0,59.34
16,DENV,2019,9,1304.0,32.29
16,DENV,2019,10,841.0,20.83
16,DENV,2019,11,525.0,13.0
16,DENV,2019,12,386.0,9.56
16,DENV,2020,1,373.0,9.18
16,DENV,2020,2,667.0,16.41
16,DENV,2020,3,635.0,15.62
16,DENV,2020,4,558.0,13.73
16,DENV,2020,5,810.0,19.93
16,DENV,2020,6,791.0,19.46
16,DENV,2020,7,884.0,21.75
16,DENV,2020,8,644.0,15.84
16,DENV,2020,9,445.0,10.95
16,DENV,2020,10,355.0,8.73
16,DENV,2020,11,246.0,6.05
16,DENV,2020,12,243.0,5.98
16,DENV,2021,1,162.0,3.96
16,DENV,2021,2,312.0,7.63
16,DENV,2021,3,454.0,11.11
16,DENV,2021,4,729.0,17.83
16,DENV,2021,5,1399.0,34.22
16,DENV,2021,6,2260.0,55.29
16,DENV,2021,7,2816.0,68.89
16,DENV,2021,8,2235.0,54.68
16,DENV,2021,9,1965.0,48.07
16,DENV,2021,10,1467.0,35.89
16,DENV,2021,11,1066.0,26.08
16,DENV,2021,12,1192.0,29.16
16,DENV,2022,1,502.0,12.23
16,DENV,2022,2,1109.0,27.01
16,DENV,2022,3,2582.0,62.88
16,DENV,2022,4,3754.0,91.43
16,DENV,2022,5,6236.0,151.87
16,DENV,2022,6,5183.0,126.23
16,DENV,2022,7,3998.0,97.37
16,DENV,2022,8,2458.0,59.86
16,DENV,2022,9,1514.0,36.87
16,DENV,2022,10,716.0,17.44
16,DENV,2022,11,496.0,12.08
16,DENV,2022,12,291.0,7.09
16,DENV,2023,1,404.0,9.8
16,DENV,2023,2,484.0,11.73
16,DENV,2023,3,994.0,24.1
16,DENV,2023,4,1372.0,33.26
16,DENV,2023,5,1058.0,25.65
16,DENV,2023,6,675.0,16.37
16,DENV,2023,7,456.0,11.06
16,DENV,2023,8,364.0,8.83
16,DENV,2023,9,339.0,8.22
16,DENV,2023,10,345.0,8.36
16,DENV,2023,11,360.0,8.73
16,DENV,2023,12,345.0,8.36
16,DENV,2024,1,349.0,8.42
16,DENV,2024,2,1503.0,36.26
16,DENV,2024,3,3479.0,83.93
16,DENV,2024,4,2882.0,69.53
16,DENV,2024,5,1606.0,38.75
16,DENV,2024,6,916.0,22.1
16,DENV,2024,7,944.0,22.77
16,DENV,2024,8,870.0,20.99
16,DENV,2024,9,552.0,13.32
16,DENV,2024,10,531.0,12.81
16,DENV,2024,11,508.0,12.26
16,DENV,2024,12,460.0,11.1
16,DENV,2025,1,570.0,13.69
16,DENV,2025,2,1013.0,24.32
16,DENV,2025,3,762.0,18.3
16,DENV,2025,4,1048.0,25.17
16,DENV,2025,5,855.0,20.53
16,DENV,2025,6,674.0,16.18
16,DENV,2025,7,582.0,13.98
16,DENV,2025,8,487.0,11.69
16,DENV,2025,9,524.0,12.58
16,DENV,2025,10,486.0,11.67
16,DENV,2025,11,423.0,10.16
16,DENV,2025,12,394.0,9.46
17,DENV,2016,1,3279.0,98.11
17,DENV,2016,2,15554.0,465.37
17,DENV,2016,3,19908.0,595.64
17,DENV,2016,4,6995.0,209.29
17,DENV,2016,5,4859.0,145.38
17,DENV,2016,6,2932.0,87.72
17,DENV,2016,7,1569.0,46.94
17,DENV,2016,8,818.0,24.47
17,DENV,2016,9,412.0,12.33
17,DENV,2016,10,218.0,6.52
17,DENV,2016,11,226.0,6.76
17,DENV,2016,12,275.0,8.23
17,DENV,2017,1,465.0,13.84
17,DENV,2017,2,584.0,17.39
17,DENV,2017,3,1122.0,33.4
17,DENV,2017,4,1029.0,30.63
17,DENV,2017,5,703.0,20.93
17,DENV,2017,6,651.0,19.38
17,DENV,2017,7,520.0,15.48
17,DENV,2017,8,691.0,20.57
17,DENV,2017,9,448.0,13.34
17,DENV,2017,10,478.0,14.23
17,DENV,2017,11,425.0,12.65
17,DENV,2017,12,368.0,10.95
17,DENV,2018,1,366.0,10.84
17,DENV,2018,2,655.0,19.4
17,DENV,2018,3,1721.0,50.98
17,DENV,2018,4,4069.0,120.54
17,DENV,2018,5,4591.0,136.01
17,DENV,2018,6,3712.0,109.97
17,DENV,2018,7,3079.0,91.22
17,DENV,2018,8,2259.0,66.92
17,DENV,2018,9,1296.0,38.39
17,DENV,2018,10,831.0,24.62
17,DENV,2018,11,733.0,21.72
17,DENV,2018,12,495.0,14.66
17,DENV,2019,1,456.0,13.44
17,DENV,2019,2,544.0,16.04
17,DENV,2019,3,1255.0,36.99
17,DENV,2019,4,3863.0,113.87
17,DENV,2019,5,6516.0,192.07
17,DENV,2019,6,5776.0,170.26
17,DENV,2019,7,5087.0,149.95
17,DENV,2019,8,3827.0,112.81
17,DENV,2019,9,2191.0,64.58
17,DENV,2019,10,1230.0,36.26
17,DENV,2019,11,545.0,16.07
17,DENV,2019,12,624.0,18.39
17,DENV,2020,1,591.0,17.34
17,DENV,2020,2,770.0,22.6
17,DENV,2020,3,876.0,25.71
17,DENV,2020,4,518.0,15.2
17,DENV,2020,5,925.0,27.15
17,DENV,2020,6,1099.0,32.25
17,DENV,2020,7,973.0,28.55
17,DENV,2020,8,487.0,14.29
17,DENV,2020,9,257.0,7.54
17,DENV,2020,10,166.0,4.87
17,DENV,2020,11,139.0,4.08
17,DENV,2020,12,117.0,3.43
17,DENV,2021,1,82.0,2.4
17,DENV,2021,2,158.0,4.62
17,DENV,2021,3,149.0,4.36
17,DENV,2021,4,233.0,6.81
17,DENV,2021,5,428.0,12.52
17,DENV,2021,6,594.0,17.37
17,DENV,2021,7,475.0,13.89
17,DENV,2021,8,452.0,13.22
17,DENV,2021,9,338.0,9.88
17,DENV,2021,10,312.0,9.12
17,DENV,2021,11,307.0,8.98
17,DENV,2021,12,316.0,9.24
17,DENV,2022,1,190.0,5.54
17,DENV,2022,2,375.0,10.94
17,DENV,2022,3,1734.0,50.58
17,DENV,2022,4,5088.0,148.43
17,DENV,2022,5,10065.0,293.62
17,DENV,2022,6,10355.0,302.08
17,DENV,2022,7,6200.0,180.87
17,DENV,2022,8,4481.0,130.72
17,DENV,2022,9,1888.0,55.08
17,DENV,2022,10,783.0,22.84
17,DENV,2022,11,674.0,19.66
17,DENV,2022,12,344.0,10.04
17,DENV,2023,1,440.0,12.8
17,DENV,2023,2,477.0,13.88
17,DENV,2023,3,790.0,22.99
17,DENV,2023,4,1720.0,50.05
17,DENV,2023,5,1208.0,35.15
17,DENV,2023,6,569.0,16.56
17,DENV,2023,7,472.0,13.74
17,DENV,2023,8,374.0,10.88
17,DENV,2023,9,355.0,10.33
17,DENV,2023,10,416.0,12.11
17,DENV,2023,11,462.0,13.44
17,DENV,2023,12,384.0,11.17
17,DENV,2024,1,510.0,14.8
17,DENV,2024,2,1693.0,49.13
17,DENV,2024,3,4836.0,140.33
17,DENV,2024,4,3608.0,104.7
17,DENV,2024,5,1794.0,52.06
17,DENV,2024,6,1030.0,29.89
17,DENV,2024,7,1159.0,33.63
17,DENV,2024,8,835.0,24.23
17,DENV,2024,9,558.0,16.19
17,DENV,2024,10,490.0,14.22
17,DENV,2024,11,444.0,12.88
17,DENV,2024,12,452.0,13.12
17,DENV,2025,1,468.0,13.54
17,DENV,2025,2,506.0,14.64
17,DENV,2025,3,854.0,24.72
17,DENV,2025,4,1165.0,33.72
17,DENV,2025,5,1070.0,30.97
17,DENV,2025,6,681.0,19.71
17,DENV,2025,7,1186.0,34.32
17,DENV,2025,8,1178.0,34.09
17,DENV,2025,9,996.0,28.83
17,DENV,2025,10,633.0,18.32
17,DENV,2025,11,412.0,11.92
17,DENV,2025,12,312.0,9.03
18,DENV,2016,1,1195.0,13.47
18,DENV,2016,2,2765.0,31.16
18,DENV,2016,3,4562.0,51.41
18,DENV,2016,4,8714.0,98.21
18,DENV,2016,5,11773.0,132.68
18,DENV,2016,6,7743.0,87.26
18,DENV,2016,7,4814.0,54.25
18,DENV,2016,8,2963.0,33.39
18,DENV,2016,9,1387.0,15.63
18,DENV,2016,10,1052.0,11.86
18,DENV,2016,11,1682.0,18.96
18,DENV,2016,12,1095.0,12.34
18,DENV,2017,1,2095.0,23.48
18,DENV,2017,2,3906.0,43.77
18,DENV,2017,3,7293.0,81.72
18,DENV,2017,4,12676.0,142.04
18,DENV,2017,5,7060.0,79.11
18,DENV,2017,6,3074.0,34.45
18,DENV,2017,7,1389.0,15.56
18,DENV,2017,8,691.0,7.74
18,DENV,2017,9,379.0,4.25
18,DENV,2017,10,312.0,3.5
18,DENV,2017,11,311.0,3.48
18,DENV,2017,12,253.0,2.83
18,DENV,2018,1,244.0,2.72
18,DENV,2018,2,445.0,4.96
18,DENV,2018,3,657.0,7.32
18,DENV,2018,4,884.0,9.85
18,DENV,2018,5,440.0,4.9
18,DENV,2018,6,345.0,3.84
18,DENV,2018,7,347.0,3.87
18,DENV,2018,8,286.0,3.19
18,DENV,2018,9,182.0,2.03
18,DENV,2018,10,156.0,1.74
18,DENV,2018,11,91.0,1.01
18,DENV,2018,12,98.0,1.09
18,DENV,2019,1,260.0,2.88
18,DENV,2019,2,719.0,7.96
18,DENV,2019,3,1226.0,13.57
18,DENV,2019,4,2662.0,29.46
18,DENV,2019,5,3202.0,35.44
18,DENV,2019,6,2745.0,30.38
18,DENV,2019,7,2072.0,22.93
18,DENV,2019,8,1447.0,16.01
18,DENV,2019,9,854.0,9.45
18,DENV,2019,10,379.0,4.19
18,DENV,2019,11,383.0,4.24
18,DENV,2019,12,292.0,3.23
18,DENV,2020,1,705.0,7.76
18,DENV,2020,2,2180.0,23.99
18,DENV,2020,3,3453.0,37.99
18,DENV,2020,4,4311.0,47.43
18,DENV,2020,5,3845.0,42.3
18,DENV,2020,6,3194.0,35.14
18,DENV,2020,7,2690.0,29.6
18,DENV,2020,8,1667.0,18.34
18,DENV,2020,9,785.0,8.64
18,DENV,2020,10,450.0,4.95
18,DENV,2020,11,413.0,4.54
18,DENV,2020,12,365.0,4.02
18,DENV,2021,1,335.0,3.67
18,DENV,2021,2,766.0,8.39
18,DENV,2021,3,1386.0,15.18
18,DENV,2021,4,2774.0,30.38
18,DENV,2021,5,6075.0,66.54
18,DENV,2021,6,8551.0,93.66
18,DENV,2021,7,7157.0,78.39
18,DENV,2021,8,4075.0,44.64
18,DENV,2021,9,1638.0,17.94
18,DENV,2021,10,947.0,10.37
18,DENV,2021,11,804.0,8.81
18,DENV,2021,12,922.0,10.1
18,DENV,2022,1,360.0,3.93
18,DENV,2022,2,979.0,10.68
18,DENV,2022,3,2773.0,30.26
18,DENV,2022,4,5893.0,64.31
18,DENV,2022,5,10776.0,117.6
18,DENV,2022,6,9347.0,102.01
18,DENV,2022,7,4765.0,52.0
18,DENV,2022,8,3821.0,41.7
18,DENV,2022,9,1853.0,20.22
18,DENV,2022,10,885.0,9.66
18,DENV,2022,11,764.0,8.34
18,DENV,2022,12,521.0,5.69
18,DENV,2023,1,646.0,7.02
18,DENV,2023,2,1027.0,11.17
18,DENV,2023,3,2390.0,25.99
18,DENV,2023,4,1999.0,21.74
18,DENV,2023,5,2854.0,31.03
18,DENV,2023,6,1822.0,19.81
18,DENV,2023,7,1303.0,14.17
18,DENV,2023,8,1169.0,12.71
18,DENV,2023,9,489.0,5.32
18,DENV,2023,10,356.0,3.87
18,DENV,2023,11,236.0,2.57
18,DENV,2023,12,189.0,2.06
18,DENV,2024,1,372.0,4.03
18,DENV,2024,2,864.0,9.36
18,DENV,2024,3,1584.0,17.15
18,DENV,2024,4,3259.0,35.29
18,DENV,2024,5,2211.0,23.95
18,DENV,2024,6,1445.0,15.65
18,DENV,2024,7,1104.0,11.96
18,DENV,2024,8,640.0,6.93
18,DENV,2024,9,391.0,4.23
18,DENV,2024,10,262.0,2.84
18,DENV,2024,11,215.0,2.33
18,DENV,2024,12,157.0,1.7
18,DENV,2025,1,245.0,2.64
18,DENV,2025,2,311.0,3.36
18,DENV,2025,3,490.0,5.29
18,DENV,2025,4,943.0,10.17
18,DENV,2025,5,947.0,10.22
18,DENV,2025,6,493.0,5.32
18,DENV,2025,7,482.0,5.2
18,DENV,2025,8,478.0,5.16
18,DENV,2025,9,338.0,3.65
18,DENV,2025,10,248.0,2.68
18,DENV,2025,11,241.0,2.6
18,DENV,2025,12,313.0,3.38
19,DENV,2016,1,285.0,8.71
19,DENV,2016,2,470.0,14.37
19,DENV,2016,3,580.0,17.73
19,DENV,2016,4,1590.0,48.61
19,DENV,2016,5,1045.0,31.95
19,DENV,2016,6,551.0,16.84
19,DENV,2016,7,252.0,7.7
19,DENV,2016,8,188.0,5.75
19,DENV,2016,9,97.0,2.97
19,DENV,2016,10,87.0,2.66
19,DENV,2016,11,67.0,2.05
19,DENV,2016,12,86.0,2.63
19,DENV,2017,1,146.0,4.44
19,DENV,2017,2,199.0,6.06
19,DENV,2017,3,575.0,17.5
19,DENV,2017,4,745.0,22.67
19,DENV,2017,5,1404.0,42.73
19,DENV,2017,6,1016.0,30.92
19,DENV,2017,7,555.0,16.89
19,DENV,2017,8,260.0,7.91
19,DENV,2017,9,153.0,4.66
19,DENV,2017,10,81.0,2.47
19,DENV,2017,11,54.0,1.64
19,DENV,2017,12,112.0,3.41
19,DENV,2018,1,219.0,6.63
19,DENV,2018,2,181.0,5.48
19,DENV,2018,3,251.0,7.6
19,DENV,2018,4,169.0,5.12
19,DENV,2018,5,281.0,8.51
19,DENV,2018,6,262.0,7.93
19,DENV,2018,7,172.0,5.21
19,DENV,2018,8,129.0,3.91
19,DENV,2018,9,91.0,2.76
19,DENV,2018,10,59.0,1.79
19,DENV,2018,11,53.0,1.6
19,DENV,2018,12,75.0,2.27
19,DENV,2019,1,177.0,5.33
19,DENV,2019,2,236.0,7.11
19,DENV,2019,3,587.0,17.68
19,DENV,2019,4,1367.0,41.17
19,DENV,2019,5,2241.0,67.5
19,DENV,2019,6,1454.0,43.79
19,DENV,2019,7,1089.0,32.8
19,DENV,2019,8,379.0,11.41
19,DENV,2019,9,176.0,5.3
19,DENV,2019,10,109.0,3.28
19,DENV,2019,11,95.0,2.86
19,DENV,2019,12,90.0,2.71
19,DENV,2020,1,112.0,3.36
19,DENV,2020,2,172.0,5.16
19,DENV,2020,3,314.0,9.41
19,DENV,2020,4,290.0,8.69
19,DENV,2020,5,507.0,15.2
19,DENV,2020,6,329.0,9.86
19,DENV,2020,7,184.0,5.52
19,DENV,2020,8,106.0,3.18
19,DENV,2020,9,76.0,2.28
19,DENV,2020,10,39.0,1.17
19,DENV,2020,11,39.0,1.17
19,DENV,2020,12,46.0,1.38
19,DENV,2021,1,66.0,1.97
19,DENV,2021,2,139.0,4.15
19,DENV,2021,3,200.0,5.97
19,DENV,2021,4,346.0,10.33
19,DENV,2021,5,489.0,14.61
19,DENV,2021,6,645.0,19.27
19,DENV,2021,7,599.0,17.89
19,DENV,2021,8,659.0,19.68
19,DENV,2021,9,308.0,9.2
19,DENV,2021,10,96.0,2.87
19,DENV,2021,11,133.0,3.97
19,DENV,2021,12,321.0,9.59
19,DENV,2022,1,397.0,11.83
19,DENV,2022,2,1394.0,41.52
19,DENV,2022,3,4313.0,128.48
19,DENV,2022,4,10128.0,301.69
19,DENV,2022,5,7790.0,232.05
19,DENV,2022,6,4564.0,135.95
19,DENV,2022,7,1684.0,50.16
19,DENV,2022,8,736.0,21.92
19,DENV,2022,9,261.0,7.77
19,DENV,2022,10,84.0,2.5
19,DENV,2022,11,231.0,6.88
19,DENV,2022,12,115.0,3.43
19,DENV,2023,1,287.0,8.53
19,DENV,2023,2,650.0,19.31
19,DENV,2023,3,1479.0,43.94
19,DENV,2023,4,1538.0,45.69
19,DENV,2023,5,1500.0,44.56
19,DENV,2023,6,850.0,25.25
19,DENV,2023,7,525.0,15.6
19,DENV,2023,8,271.0,8.05
19,DENV,2023,9,164.0,4.87
19,DENV,2023,10,117.0,3.48
19,DENV,2023,11,106.0,3.15
19,DENV,2023,12,127.0,3.77
19,DENV,2024,1,451.0,13.36
19,DENV,2024,2,1913.0,56.67
19,DENV,2024,3,3116.0,92.31
19,DENV,2024,4,3197.0,94.71
19,DENV,2024,5,2656.0,78.68
19,DENV,2024,6,1755.0,51.99
19,DENV,2024,7,838.0,24.82
19,DENV,2024,8,441.0,13.06
19,DENV,2024,9,214.0,6.34
19,DENV,2024,10,171.0,5.07
19,DENV,2024,11,150.0,4.44
19,DENV,2024,12,103.0,3.05
19,DENV,2025,1,424.0,12.53
19,DENV,2025,2,823.0,24.32
19,DENV,2025,3,1175.0,34.72
19,DENV,2025,4,1731.0,51.14
19,DENV,2025,5,1594.0,47.1
19,DENV,2025,6,1083.0,32.0
19,DENV,2025,7,797.0,23.55
19,DENV,2025,8,534.0,15.78
19,DENV,2025,9,388.0,11.46
19,DENV,2025,10,303.0,8.95
19,DENV,2025,11,195.0,5.76
19,DENV,2025,12,277.0,8.18
20,DENV,2016,1,2039.0,29.71
20,DENV,2016,2,4483.0,65.31
20,DENV,2016,3,5780.0,84.21
20,DENV,2016,4,5971.0,86.99
20,DENV,2016,5,2513.0,36.61
20,DENV,2016,6,1007.0,14.67
20,DENV,2016,7,701.0,10.21
20,DENV,2016,8,595.0,8.67
20,DENV,2016,9,201.0,2.93
20,DENV,2016,10,133.0,1.94
20,DENV,2016,11,213.0,3.1
20,DENV,2016,12,228.0,3.32
20,DENV,2017,1,408.0,5.92
20,DENV,2017,2,1618.0,23.48
20,DENV,2017,3,1692.0,24.56
20,DENV,2017,4,943.0,13.69
20,DENV,2017,5,964.0,13.99
20,DENV,2017,6,499.0,7.24
20,DENV,2017,7,299.0,4.34
20,DENV,2017,8,236.0,3.43
20,DENV,2017,9,149.0,2.16
20,DENV,2017,10,106.0,1.54
20,DENV,2017,11,136.0,1.97
20,DENV,2017,12,142.0,2.06
20,DENV,2018,1,203.0,2.93
20,DENV,2018,2,198.0,2.86
20,DENV,2018,3,224.0,3.24
20,DENV,2018,4,374.0,5.41
20,DENV,2018,5,588.0,8.5
20,DENV,2018,6,150.0,2.17
20,DENV,2018,7,85.0,1.23
20,DENV,2018,8,94.0,1.36
20,DENV,2018,9,71.0,1.03
20,DENV,2018,10,69.0,1.0
20,DENV,2018,11,64.0,0.93
20,DENV,2018,12,47.0,0.68
20,DENV,2019,1,218.0,3.14
20,DENV,2019,2,385.0,5.54
20,DENV,2019,3,658.0,9.47
20,DENV,2019,4,1019.0,14.67
20,DENV,2019,5,1140.0,16.41
20,DENV,2019,6,800.0,11.52
20,DENV,2019,7,483.0,6.95
20,DENV,2019,8,266.0,3.83
20,DENV,2019,9,213.0,3.07
20,DENV,2019,10,197.0,2.84
20,DENV,2019,11,120.0,1.73
20,DENV,2019,12,76.0,1.09
20,DENV,2020,1,402.0,5.77
20,DENV,2020,2,791.0,11.35
20,DENV,2020,3,512.0,7.34
20,DENV,2020,4,348.0,4.99
20,DENV,2020,5,151.0,2.17
20,DENV,2020,6,100.0,1.43
20,DENV,2020,7,60.0,0.86
20,DENV,2020,8,41.0,0.59
20,DENV,2020,9,41.0,0.59
20,DENV,2020,10,32.0,0.46
20,DENV,2020,11,26.0,0.37
20,DENV,2020,12,20.0,0.29
20,DENV,2021,1,201.0,2.88
20,DENV,2021,2,207.0,2.96
20,DENV,2021,3,133.0,1.9
20,DENV,2021,4,100.0,1.43
20,DENV,2021,5,127.0,1.82
20,DENV,2021,6,96.0,1.37
20,DENV,2021,7,63.0,0.9
20,DENV,2021,8,66.0,0.94
20,DENV,2021,9,61.0,0.87
20,DENV,2021,10,45.0,0.64
20,DENV,2021,11,58.0,0.83
20,DENV,2021,12,164.0,2.35
20,DENV,2022,1,154.0,2.2
20,DENV,2022,2,370.0,5.29
20,DENV,2022,3,918.0,13.12
20,DENV,2022,4,975.0,13.93
20,DENV,2022,5,1325.0,18.93
20,DENV,2022,6,955.0,13.65
20,DENV,2022,7,682.0,9.75
20,DENV,2022,8,443.0,6.33
20,DENV,2022,9,318.0,4.54
20,DENV,2022,10,270.0,3.86
20,DENV,2022,11,250.0,3.57
20,DENV,2022,12,190.0,2.72
20,DENV,2023,1,328.0,4.68
20,DENV,2023,2,649.0,9.27
20,DENV,2023,3,1321.0,18.86
20,DENV,2023,4,779.0,11.12
20,DENV,2023,5,570.0,8.14
20,DENV,2023,6,283.0,4.04
20,DENV,2023,7,296.0,4.23
20,DENV,2023,8,202.0,2.88
20,DENV,2023,9,116.0,1.66
20,DENV,2023,10,80.0,1.14
20,DENV,2023,11,105.0,1.5
20,DENV,2023,12,70.0,1.0
20,DENV,2024,1,221.0,3.15
20,DENV,2024,2,1556.0,22.19
20,DENV,2024,3,3736.0,53.29
20,DENV,2024,4,3056.0,43.59
20,DENV,2024,5,1168.0,16.66
20,DENV,2024,6,433.0,6.18
20,DENV,2024,7,167.0,2.38
20,DENV,2024,8,99.0,1.41
20,DENV,2024,9,101.0,1.44
20,DENV,2024,10,82.0,1.17
20,DENV,2024,11,114.0,1.63
20,DENV,2024,12,88.0,1.26
20,DENV,2025,1,328.0,4.67
20,DENV,2025,2,694.0,9.89
20,DENV,2025,3,1031.0,14.69
20,DENV,2025,4,740.0,10.54
20,DENV,2025,5,624.0,8.89
20,DENV,2025,6,429.0,6.11
20,DENV,2025,7,360.0,5.13
20,DENV,2025,8,332.0,4.73
20,DENV,2025,9,210.0,2.99
20,DENV,2025,10,291.0,4.15
20,DENV,2025,11,207.0,2.95
20,DENV,2025,12,249.0,3.55
21,DENV,2016,1,1561.0,105.09
21,DENV,2016,2,2164.0,145.68
21,DENV,2016,3,1452.0,97.75
21,DENV,2016,4,925.0,62.27
21,DENV,2016,5,842.0,56.68
21,DENV,2016,6,326.0,21.95
21,DENV,2016,7,131.0,8.82
21,DENV,2016,8,93.0,6.26
21,DENV,2016,9,55.0,3.7
21,DENV,2016,10,76.0,5.12
21,DENV,2016,11,149.0,10.03
21,DENV,2016,12,194.0,13.06
21,DENV,2017,1,484.0,32.3
21,DENV,2017,2,820.0,54.72
21,DENV,2017,3,935.0,62.39
21,DENV,2017,4,868.0,57.92
21,DENV,2017,5,848.0,56.59
21,DENV,2017,6,354.0,23.62
21,DENV,2017,7,153.0,10.21
21,DENV,2017,8,119.0,7.94
21,DENV,2017,9,69.0,4.6
21,DENV,2017,10,87.0,5.81
21,DENV,2017,11,95.0,6.34
21,DENV,2017,12,124.0,8.27
21,DENV,2018,1,168.0,11.11
21,DENV,2018,2,156.0,10.32
21,DENV,2018,3,285.0,18.85
21,DENV,2018,4,417.0,27.58
21,DENV,2018,5,364.0,24.08
21,DENV,2018,6,147.0,9.72
21,DENV,2018,7,62.0,4.1
21,DENV,2018,8,65.0,4.3
21,DENV,2018,9,55.0,3.64
21,DENV,2018,10,78.0,5.16
21,DENV,2018,11,306.0,20.24
21,DENV,2018,12,764.0,50.54
21,DENV,2019,1,2237.0,146.67
21,DENV,2019,2,2976.0,195.13
21,DENV,2019,3,2610.0,171.13
21,DENV,2019,4,2521.0,165.3
21,DENV,2019,5,1815.0,119.0
21,DENV,2019,6,565.0,37.05
21,DENV,2019,7,137.0,8.98
21,DENV,2019,8,87.0,5.7
21,DENV,2019,9,54.0,3.54
21,DENV,2019,10,119.0,7.8
21,DENV,2019,11,213.0,13.97
21,DENV,2019,12,267.0,17.51
21,DENV,2020,1,256.0,16.65
21,DENV,2020,2,350.0,22.76
21,DENV,2020,3,428.0,27.83
21,DENV,2020,4,240.0,15.61
21,DENV,2020,5,170.0,11.05
21,DENV,2020,6,153.0,9.95
21,DENV,2020,7,120.0,7.8
21,DENV,2020,8,62.0,4.03
21,DENV,2020,9,41.0,2.67
21,DENV,2020,10,23.0,1.5
21,DENV,2020,11,34.0,2.21
21,DENV,2020,12,52.0,3.38
21,DENV,2021,1,93.0,6.01
21,DENV,2021,2,130.0,8.4
21,DENV,2021,3,259.0,16.73
21,DENV,2021,4,414.0,26.74
21,DENV,2021,5,561.0,36.23
21,DENV,2021,6,564.0,36.42
21,DENV,2021,7,381.0,24.6
21,DENV,2021,8,312.0,20.15
21,DENV,2021,9,269.0,17.37
21,DENV,2021,10,347.0,22.41
21,DENV,2021,11,1378.0,88.99
21,DENV,2021,12,4893.0,315.98
21,DENV,2022,1,4081.0,262.01
21,DENV,2022,2,3747.0,240.57
21,DENV,2022,3,2935.0,188.43
21,DENV,2022,4,3132.0,201.08
21,DENV,2022,5,2893.0,185.74
21,DENV,2022,6,1587.0,101.89
21,DENV,2022,7,744.0,47.77
21,DENV,2022,8,453.0,29.08
21,DENV,2022,9,250.0,16.05
21,DENV,2022,10,209.0,13.42
21,DENV,2022,11,355.0,22.79
21,DENV,2022,12,460.0,29.53
21,DENV,2023,1,379.0,24.18
21,DENV,2023,2,428.0,27.31
21,DENV,2023,3,601.0,38.35
21,DENV,2023,4,662.0,42.24
21,DENV,2023,5,518.0,33.05
21,DENV,2023,6,235.0,14.99
21,DENV,2023,7,104.0,6.64
21,DENV,2023,8,76.0,4.85
21,DENV,2023,9,53.0,3.38
21,DENV,2023,10,45.0,2.87
21,DENV,2023,11,92.0,5.87
21,DENV,2023,12,101.0,6.44
21,DENV,2024,1,187.0,11.86
21,DENV,2024,2,524.0,33.22
21,DENV,2024,3,955.0,60.54
21,DENV,2024,4,1188.0,75.32
21,DENV,2024,5,792.0,50.21
21,DENV,2024,6,303.0,19.21
21,DENV,2024,7,101.0,6.4
21,DENV,2024,8,42.0,2.66
21,DENV,2024,9,40.0,2.54
21,DENV,2024,10,35.0,2.22
21,DENV,2024,11,58.0,3.68
21,DENV,2024,12,76.0,4.82
21,DENV,2025,1,408.0,25.71
21,DENV,2025,2,333.0,20.98
21,DENV,2025,3,313.0,19.72
21,DENV,2025,4,364.0,22.94
21,DENV,2025,5,417.0,26.28
21,DENV,2025,6,271.0,17.08
21,DENV,2025,7,151.0,9.52
21,DENV,2025,8,138.0,8.7
21,DENV,2025,9,82.0,5.17
21,DENV,2025,10,103.0,6.49
21,DENV,2025,11,169.0,10.65
21,DENV,2025,12,359.0,22.62
22,DENV,2016,1,90.0,11.89
22,DENV,2016,2,265.0,35.01
22,DENV,2016,3,411.0,54.3
22,DENV,2016,4,312.0,41.22
22,DENV,2016,5,205.0,27.08
22,DENV,2016,6,86.0,11.36
22,DENV,2016,7,72.0,9.51
22,DENV,2016,8,101.0,13.34
22,DENV,2016,9,92.0,12.15
22,DENV,2016,10,92.0,12.15
22,DENV,2016,11,58.0,7.66
22,DENV,2016,12,45.0,5.94
22,DENV,2017,1,123.0,16.07
22,DENV,2017,2,190.0,24.82
22,DENV,2017,3,198.0,25.86
22,DENV,2017,4,81.0,10.58
22,DENV,2017,5,107.0,13.98
22,DENV,2017,6,59.0,7.71
22,DENV,2017,7,32.0,4.18
22,DENV,2017,8,18.0,2.35
22,DENV,2017,9,18.0,2.35
22,DENV,2017,10,55.0,7.18
22,DENV,2017,11,31.0,4.05
22,DENV,2017,12,25.0,3.27
22,DENV,2018,1,60.0,7.76
22,DENV,2018,2,77.0,9.96
22,DENV,2018,3,122.0,15.79
22,DENV,2018,4,150.0,19.41
22,DENV,2018,5,75.0,9.71
22,DENV,2018,6,43.0,5.56
22,DENV,2018,7,38.0,4.92
22,DENV,2018,8,59.0,7.63
22,DENV,2018,9,36.0,4.66
22,DENV,2018,10,64.0,8.28
22,DENV,2018,11,22.0,2.85
22,DENV,2018,12,29.0,3.75
22,DENV,2019,1,10.0,1.28
22,DENV,2019,2,16.0,2.05
22,DENV,2019,3,35.0,4.49
22,DENV,2019,4,30.0,3.85
22,DENV,2019,5,16.0,2.05
22,DENV,2019,6,11.0,1.41
22,DENV,2019,7,13.0,1.67
22,DENV,2019,8,12.0,1.54
22,DENV,2019,9,9.0,1.15
22,DENV,2019,10,14.0,1.8
22,DENV,2019,11,12.0,1.54
22,DENV,2019,12,6.0,0.77
22,DENV,2020,1,5.0,0.64
22,DENV,2020,2,6.0,0.76
22,DENV,2020,3,7.0,0.89
22,DENV,2020,4,13.0,1.65
22,DENV,2020,5,3.0,0.38
22,DENV,2020,6,9.0,1.15
22,DENV,2020,7,4.0,0.51
22,DENV,2020,8,2.0,0.25
22,DENV,2020,9,4.0,0.51
22,DENV,2020,10,3.0,0.38
22,DENV,2020,11,3.0,0.38
22,DENV,2020,12,3.0,0.38
22,DENV,2021,1,23.0,2.91
22,DENV,2021,2,18.0,2.28
22,DENV,2021,3,19.0,2.4
22,DENV,2021,4,21.0,2.66
22,DENV,2021,5,20.0,2.53
22,DENV,2021,6,16.0,2.02
22,DENV,2021,7,13.0,1.64
22,DENV,2021,8,43.0,5.44
22,DENV,2021,9,46.0,5.82
22,DENV,2021,10,23.0,2.91
22,DENV,2021,11,21.0,2.66
22,DENV,2021,12,21.0,2.66
22,DENV,2022,1,14.0,1.76
22,DENV,2022,2,39.0,4.9
22,DENV,2022,3,26.0,3.27
22,DENV,2022,4,32.0,4.02
22,DENV,2022,5,30.0,3.77
22,DENV,2022,6,19.0,2.39
22,DENV,2022,7,23.0,2.89
22,DENV,2022,8,25.0,3.14
22,DENV,2022,9,27.0,3.39
22,DENV,2022,10,18.0,2.26
22,DENV,2022,11,15.0,1.89
22,DENV,2022,12,22.0,2.77
22,DENV,2023,1,63.0,7.88
22,DENV,2023,2,68.0,8.51
22,DENV,2023,3,85.0,10.64
22,DENV,2023,4,57.0,7.13
22,DENV,2023,5,42.0,5.26
22,DENV,2023,6,72.0,9.01
22,DENV,2023,7,82.0,10.26
22,DENV,2023,8,238.0,29.78
22,DENV,2023,9,255.0,31.91
22,DENV,2023,10,103.0,12.89
22,DENV,2023,11,79.0,9.89
22,DENV,2023,12,76.0,9.51
22,DENV,2024,1,702.0,87.44
22,DENV,2024,2,1930.0,240.4
22,DENV,2024,3,1947.0,242.51
22,DENV,2024,4,1375.0,171.27
22,DENV,2024,5,771.0,96.03
22,DENV,2024,6,832.0,103.63
22,DENV,2024,7,1081.0,134.65
22,DENV,2024,8,1002.0,124.81
22,DENV,2024,9,471.0,58.67
22,DENV,2024,10,319.0,39.73
22,DENV,2024,11,173.0,21.55
22,DENV,2024,12,95.0,11.83
22,DENV,2025,1,355.0,44.02
22,DENV,2025,2,479.0,59.39
22,DENV,2025,3,317.0,39.3
22,DENV,2025,4,224.0,27.77
22,DENV,2025,5,221.0,27.4
22,DENV,2025,6,206.0,25.54
22,DENV,2025,7,171.0,21.2
22,DENV,2025,8,190.0,23.56
22,DENV,2025,9,136.0,16.86
22,DENV,2025,10,76.0,9.42
22,DENV,2025,11,21.0,2.6
22,DENV,2025,12,29.0,3.6
23,DENV,2016,1,1258.0,15.33
23,DENV,2016,2,2188.0,26.66
23,DENV,2016,3,2114.0,25.76
23,DENV,2016,4,1714.0,20.88
23,DENV,2016,5,1108.0,13.5
23,DENV,2016,6,517.0,6.3
23,DENV,2016,7,401.0,4.89
23,DENV,2016,8,346.0,4.22
23,DENV,2016,9,262.0,3.19
23,DENV,2016,10,287.0,3.5
23,DENV,2016,11,267.0,3.25
23,DENV,2016,12,409.0,4.98
23,DENV,2017,1,1670.0,20.18
23,DENV,2017,2,2157.0,26.06
23,DENV,2017,3,1576.0,19.04
23,DENV,2017,4,572.0,6.91
23,DENV,2017,5,465.0,5.62
23,DENV,2017,6,227.0,2.74
23,DENV,2017,7,177.0,2.14
23,DENV,2017,8,271.0,3.27
23,DENV,2017,9,136.0,1.64
23,DENV,2017,10,197.0,2.38
23,DENV,2017,11,192.0,2.32
23,DENV,2017,12,186.0,2.25
23,DENV,2018,1,262.0,3.14
23,DENV,2018,2,412.0,4.94
23,DENV,2018,3,739.0,8.86
23,DENV,2018,4,650.0,7.79
23,DENV,2018,5,440.0,5.28
23,DENV,2018,6,251.0,3.01
23,DENV,2018,7,135.0,1.62
23,DENV,2018,8,257.0,3.08
23,DENV,2018,9,152.0,1.82
23,DENV,2018,10,101.0,1.21
23,DENV,2018,11,150.0,1.8
23,DENV,2018,12,226.0,2.71
23,DENV,2019,1,495.0,5.89
23,DENV,2019,2,814.0,9.69
23,DENV,2019,3,762.0,9.07
23,DENV,2019,4,751.0,8.94
23,DENV,2019,5,720.0,8.57
23,DENV,2019,6,361.0,4.3
23,DENV,2019,7,206.0,2.45
23,DENV,2019,8,225.0,2.68
23,DENV,2019,9,266.0,3.16
23,DENV,2019,10,252.0,3.0
23,DENV,2019,11,282.0,3.36
23,DENV,2019,12,176.0,2.09
23,DENV,2020,1,559.0,6.6
23,DENV,2020,2,787.0,9.3
23,DENV,2020,3,678.0,8.01
23,DENV,2020,4,407.0,4.81
23,DENV,2020,5,337.0,3.98
23,DENV,2020,6,170.0,2.01
23,DENV,2020,7,88.0,1.04
23,DENV,2020,8,89.0,1.05
23,DENV,2020,9,59.0,0.7
23,DENV,2020,10,60.0,0.71
23,DENV,2020,11,109.0,1.29
23,DENV,2020,12,140.0,1.65
23,DENV,2021,1,230.0,2.7
23,DENV,2021,2,374.0,4.39
23,DENV,2021,3,625.0,7.34
23,DENV,2021,4,536.0,6.29
23,DENV,2021,5,382.0,4.48
23,DENV,2021,6,302.0,3.54
23,DENV,2021,7,196.0,2.3
23,DENV,2021,8,160.0,1.88
23,DENV,2021,9,105.0,1.23
23,DENV,2021,10,104.0,1.22
23,DENV,2021,11,477.0,5.6
23,DENV,2021,12,1590.0,18.66
23,DENV,2022,1,895.0,10.44
23,DENV,2022,2,908.0,10.6
23,DENV,2022,3,904.0,10.55
23,DENV,2022,4,703.0,8.2
23,DENV,2022,5,704.0,8.21
23,DENV,2022,6,391.0,4.56
23,DENV,2022,7,276.0,3.22
23,DENV,2022,8,174.0,2.03
23,DENV,2022,9,157.0,1.83
23,DENV,2022,10,183.0,2.14
23,DENV,2022,11,276.0,3.22
23,DENV,2022,12,341.0,3.98
23,DENV,2023,1,692.0,8.03
23,DENV,2023,2,825.0,9.58
23,DENV,2023,3,1000.0,11.61
23,DENV,2023,4,677.0,7.86
23,DENV,2023,5,542.0,6.29
23,DENV,2023,6,429.0,4.98
23,DENV,2023,7,276.0,3.2
23,DENV,2023,8,362.0,4.2
23,DENV,2023,9,227.0,2.63
23,DENV,2023,10,223.0,2.59
23,DENV,2023,11,203.0,2.36
23,DENV,2023,12,232.0,2.69
23,DENV,2024,1,1064.0,12.28
23,DENV,2024,2,3604.0,41.6
23,DENV,2024,3,4590.0,52.98
23,DENV,2024,4,3810.0,43.97
23,DENV,2024,5,1898.0,21.91
23,DENV,2024,6,1246.0,14.38
23,DENV,2024,7,986.0,11.38
23,DENV,2024,8,806.0,9.3
23,DENV,2024,9,633.0,7.31
23,DENV,2024,10,491.0,5.67
23,DENV,2024,11,653.0,7.54
23,DENV,2024,12,695.0,8.02
23,DENV,2025,1,2293.0,26.32
23,DENV,2025,2,3245.0,37.25
23,DENV,2025,3,2663.0,30.57
23,DENV,2025,4,2016.0,23.14
23,DENV,2025,5,1545.0,17.74
23,DENV,2025,6,893.0,10.25
23,DENV,2025,7,794.0,9.11
23,DENV,2025,8,784.0,9.0
23,DENV,2025,9,871.0,10.0
23,DENV,2025,10,681.0,7.82
23,DENV,2025,11,545.0,6.26
23,DENV,2025,12,582.0,6.68
24,DENV,2016,1,11.0,2.01
24,DENV,2016,2,14.0,2.55
24,DENV,2016,3,49.0,8.94
24,DENV,2016,4,10.0,1.82
24,DENV,2016,5,9.0,1.64
24,DENV,2016,6,8.0,1.46
24,DENV,2016,7,15.0,2.74
24,DENV,2016,8,35.0,6.38
24,DENV,2016,9,25.0,4.56
24,DENV,2016,10,15.0,2.74
24,DENV,2016,11,11.0,2.01
24,DENV,2016,12,8.0,1.46
24,DENV,2017,1,14.0,2.48
24,DENV,2017,2,9.0,1.6
24,DENV,2017,3,33.0,5.85
24,DENV,2017,4,33.0,5.85
24,DENV,2017,5,56.0,9.93
24,DENV,2017,6,42.0,7.45
24,DENV,2017,7,39.0,6.91
24,DENV,2017,8,23.0,4.08
24,DENV,2017,9,13.0,2.3
24,DENV,2017,10,9.0,1.6
24,DENV,2017,11,7.0,1.24
24,DENV,2017,12,6.0,1.06
24,DENV,2018,1,1.0,0.17
24,DENV,2018,2,0.0,0.0
24,DENV,2018,3,2.0,0.34
24,DENV,2018,4,1.0,0.17
24,DENV,2018,5,2.0,0.34
24,DENV,2018,6,5.0,0.85
24,DENV,2018,7,14.0,2.38
24,DENV,2018,8,28.0,4.77
24,DENV,2018,9,10.0,1.7
24,DENV,2018,10,23.0,3.91
24,DENV,2018,11,12.0,2.04
24,DENV,2018,12,13.0,2.21
24,DENV,2019,1,29.0,4.69
24,DENV,2019,2,27.0,4.37
24,DENV,2019,3,58.0,9.38
24,DENV,2019,4,54.0,8.74
24,DENV,2019,5,72.0,11.65
24,DENV,2019,6,59.0,9.54
24,DENV,2019,7,54.0,8.74
24,DENV,2019,8,76.0,12.3
24,DENV,2019,9,155.0,25.08
24,DENV,2019,10,250.0,40.44
24,DENV,2019,11,439.0,71.02
24,DENV,2019,12,312.0,50.48
24,DENV,2020,1,177.0,27.61
24,DENV,2020,2,193.0,30.11
24,DENV,2020,3,48.0,7.49
24,DENV,2020,4,12.0,1.87
24,DENV,2020,5,2.0,0.31
24,DENV,2020,6,2.0,0.31
24,DENV,2020,7,13.0,2.03
24,DENV,2020,8,11.0,1.72
24,DENV,2020,9,9.0,1.4
24,DENV,2020,10,6.0,0.94
24,DENV,2020,11,5.0,0.78
24,DENV,2020,12,9.0,1.4
24,DENV,2021,1,8.0,1.22
24,DENV,2021,2,10.0,1.53
24,DENV,2021,3,11.0,1.68
24,DENV,2021,4,16.0,2.44
24,DENV,2021,5,19.0,2.9
24,DENV,2021,6,21.0,3.21
24,DENV,2021,7,10.0,1.53
24,DENV,2021,8,7.0,1.07
24,DENV,2021,9,1.0,0.15
24,DENV,2021,10,2.0,0.31
24,DENV,2021,11,6.0,0.92
24,DENV,2021,12,0.0,0.0
24,DENV,2022,1,2.0,0.3
24,DENV,2022,2,1.0,0.15
24,DENV,2022,3,1.0,0.15
24,DENV,2022,4,3.0,0.45
24,DENV,2022,5,4.0,0.59
24,DENV,2022,6,7.0,1.04
24,DENV,2022,7,8.0,1.19
24,DENV,2022,8,11.0,1.63
24,DENV,2022,9,1.0,0.15
24,DENV,2022,10,9.0,1.34
24,DENV,2022,11,10.0,1.48
24,DENV,2022,12,5.0,0.74
24,DENV,2023,1,6.0,0.86
24,DENV,2023,2,11.0,1.58
24,DENV,2023,3,5.0,0.72
24,DENV,2023,4,6.0,0.86
24,DENV,2023,5,11.0,1.58
24,DENV,2023,6,11.0,1.58
24,DENV,2023,7,14.0,2.01
24,DENV,2023,8,63.0,9.06
24,DENV,2023,9,55.0,7.91
24,DENV,2023,10,18.0,2.59
24,DENV,2023,11,9.0,1.29
24,DENV,2023,12,15.0,2.16
24,DENV,2024,1,25.0,3.49
24,DENV,2024,2,40.0,5.58
24,DENV,2024,3,33.0,4.6
24,DENV,2024,4,28.0,3.91
24,DENV,2024,5,75.0,10.46
24,DENV,2024,6,148.0,20.65
24,DENV,2024,7,81.0,11.3
24,DENV,2024,8,83.0,11.58
24,DENV,2024,9,49.0,6.84
24,DENV,2024,10,35.0,4.88
24,DENV,2024,11,16.0,2.23
24,DENV,2024,12,13.0,1.81
24,DENV,2025,1,19.0,2.57
24,DENV,2025,2,28.0,3.79
24,DENV,2025,3,42.0,5.69
24,DENV,2025,4,59.0,7.99
24,DENV,2025,5,50.0,6.77
24,DENV,2025,6,65.0,8.8
24,DENV,2025,7,25.0,3.38
24,DENV,2025,8,28.0,3.79
24,DENV,2025,9,44.0,5.96
24,DENV,2025,10,31.0,4.2
24,DENV,2025,11,27.0,3.65
24,DENV,2025,12,22.0,2.98
25,DENV,2016,1,423.0,10.81
25,DENV,2016,2,914.0,23.35
25,DENV,2016,3,1328.0,33.92
25,DENV,2016,4,1704.0,43.53
25,DENV,2016,5,998.0,25.49
25,DENV,2016,6,773.0,19.75
25,DENV,2016,7,384.0,9.81
25,DENV,2016,8,228.0,5.82
25,DENV,2016,9,163.0,4.16
25,DENV,2016,10,175.0,4.47
25,DENV,2016,11,221.0,5.65
25,DENV,2016,12,195.0,4.98
25,DENV,2017,1,504.0,12.71
25,DENV,2017,2,597.0,15.05
25,DENV,2017,3,592.0,14.93
25,DENV,2017,4,548.0,13.82
25,DENV,2017,5,291.0,7.34
25,DENV,2017,6,213.0,5.37
25,DENV,2017,7,187.0,4.71
25,DENV,2017,8,261.0,6.58
25,DENV,2017,9,275.0,6.93
25,DENV,2017,10,151.0,3.81
25,DENV,2017,11,135.0,3.4
25,DENV,2017,12,145.0,3.66
25,DENV,2018,1,258.0,6.42
25,DENV,2018,2,265.0,6.59
25,DENV,2018,3,331.0,8.24
25,DENV,2018,4,309.0,7.69
25,DENV,2018,5,220.0,5.47
25,DENV,2018,6,187.0,4.65
25,DENV,2018,7,173.0,4.31
25,DENV,2018,8,164.0,4.08
25,DENV,2018,9,121.0,3.01
25,DENV,2018,10,119.0,2.96
25,DENV,2018,11,95.0,2.36
25,DENV,2018,12,83.0,2.07
25,DENV,2019,1,180.0,4.42
25,DENV,2019,2,206.0,5.06
25,DENV,2019,3,151.0,3.71
25,DENV,2019,4,136.0,3.34
25,DENV,2019,5,128.0,3.14
25,DENV,2019,6,96.0,2.36
25,DENV,2019,7,57.0,1.4
25,DENV,2019,8,47.0,1.15
25,DENV,2019,9,101.0,2.48
25,DENV,2019,10,463.0,11.37
25,DENV,2019,11,906.0,22.24
25,DENV,2019,12,1353.0,33.22
25,DENV,2020,1,1324.0,32.13
25,DENV,2020,2,728.0,17.66
25,DENV,2020,3,912.0,22.13
25,DENV,2020,4,416.0,10.09
25,DENV,2020,5,343.0,8.32
25,DENV,2020,6,308.0,7.47
25,DENV,2020,7,236.0,5.73
25,DENV,2020,8,145.0,3.52
25,DENV,2020,9,208.0,5.05
25,DENV,2020,10,271.0,6.58
25,DENV,2020,11,412.0,10.0
25,DENV,2020,12,646.0,15.67
25,DENV,2021,1,562.0,13.51
25,DENV,2021,2,1058.0,25.43
25,DENV,2021,3,1601.0,38.49
25,DENV,2021,4,1361.0,32.72
25,DENV,2021,5,963.0,23.15
25,DENV,2021,6,683.0,16.42
25,DENV,2021,7,548.0,13.17
25,DENV,2021,8,346.0,8.32
25,DENV,2021,9,207.0,4.98
25,DENV,2021,10,185.0,4.45
25,DENV,2021,11,352.0,8.46
25,DENV,2021,12,399.0,9.59
25,DENV,2022,1,228.0,5.43
25,DENV,2022,2,404.0,9.62
25,DENV,2022,3,579.0,13.79
25,DENV,2022,4,458.0,10.91
25,DENV,2022,5,387.0,9.21
25,DENV,2022,6,262.0,6.24
25,DENV,2022,7,203.0,4.83
25,DENV,2022,8,165.0,3.93
25,DENV,2022,9,430.0,10.24
25,DENV,2022,10,973.0,23.17
25,DENV,2022,11,627.0,14.93
25,DENV,2022,12,640.0,15.24
25,DENV,2023,1,767.0,18.09
25,DENV,2023,2,859.0,20.26
25,DENV,2023,3,602.0,14.2
25,DENV,2023,4,532.0,12.55
25,DENV,2023,5,527.0,12.43
25,DENV,2023,6,300.0,7.07
25,DENV,2023,7,432.0,10.19
25,DENV,2023,8,272.0,6.41
25,DENV,2023,9,292.0,6.89
25,DENV,2023,10,294.0,6.93
25,DENV,2023,11,416.0,9.81
25,DENV,2023,12,972.0,22.92
25,DENV,2024,1,1895.0,44.26
25,DENV,2024,2,1911.0,44.64
25,DENV,2024,3,1290.0,30.13
25,DENV,2024,4,685.0,16.0
25,DENV,2024,5,341.0,7.97
25,DENV,2024,6,206.0,4.81
25,DENV,2024,7,291.0,6.8
25,DENV,2024,8,297.0,6.94
25,DENV,2024,9,363.0,8.48
25,DENV,2024,10,336.0,7.85
25,DENV,2024,11,440.0,10.28
25,DENV,2024,12,486.0,11.35
25,DENV,2025,1,703.0,16.27
25,DENV,2025,2,679.0,15.71
25,DENV,2025,3,866.0,20.04
25,DENV,2025,4,581.0,13.44
25,DENV,2025,5,413.0,9.56
25,DENV,2025,6,246.0,5.69
25,DENV,2025,7,230.0,5.32
25,DENV,2025,8,191.0,4.42
25,DENV,2025,9,257.0,5.95
25,DENV,2025,10,342.0,7.91
25,DENV,2025,11,201.0,4.65
25,DENV,2025,12,204.0,4.72
26,DENV,2016,1,326.0,38.98
26,DENV,2016,2,779.0,93.15
26,DENV,2016,3,377.0,45.08
26,DENV,2016,4,228.0,27.26
26,DENV,2016,5,107.0,12.79
26,DENV,2016,6,69.0,8.25
26,DENV,2016,7,68.0,8.13
26,DENV,2016,8,46.0,5.5
26,DENV,2016,9,43.0,5.14
26,DENV,2016,10,42.0,5.02
26,DENV,2016,11,64.0,7.65
26,DENV,2016,12,101.0,12.08
26,DENV,2017,1,288.0,34.1
26,DENV,2017,2,252.0,29.84
26,DENV,2017,3,215.0,25.46
26,DENV,2017,4,162.0,19.18
26,DENV,2017,5,90.0,10.66
26,DENV,2017,6,65.0,7.7
26,DENV,2017,7,50.0,5.92
26,DENV,2017,8,60.0,7.1
26,DENV,2017,9,37.0,4.38
26,DENV,2017,10,113.0,13.38
26,DENV,2017,11,214.0,25.34
26,DENV,2017,12,338.0,40.02
26,DENV,2018,1,493.0,57.9
26,DENV,2018,2,408.0,47.92
26,DENV,2018,3,394.0,46.27
26,DENV,2018,4,317.0,37.23
26,DENV,2018,5,326.0,38.29
26,DENV,2018,6,202.0,23.72
26,DENV,2018,7,186.0,21.84
26,DENV,2018,8,223.0,26.19
26,DENV,2018,9,434.0,50.97
26,DENV,2018,10,1162.0,136.46
26,DENV,2018,11,1832.0,215.15
26,DENV,2018,12,1306.0,153.38
26,DENV,2019,1,1609.0,187.55
26,DENV,2019,2,1204.0,140.34
26,DENV,2019,3,866.0,100.94
26,DENV,2019,4,494.0,57.58
26,DENV,2019,5,318.0,37.07
26,DENV,2019,6,157.0,18.3
26,DENV,2019,7,136.0,15.85
26,DENV,2019,8,173.0,20.17
26,DENV,2019,9,145.0,16.9
26,DENV,2019,10,596.0,69.47
26,DENV,2019,11,2008.0,234.05
26,DENV,2019,12,2212.0,257.83
26,DENV,2020,1,2406.0,278.58
26,DENV,2020,2,974.0,112.78
26,DENV,2020,3,467.0,54.07
26,DENV,2020,4,219.0,25.36
26,DENV,2020,5,579.0,67.04
26,DENV,2020,6,369.0,42.73
26,DENV,2020,7,172.0,19.92
26,DENV,2020,8,124.0,14.36
26,DENV,2020,9,104.0,12.04
26,DENV,2020,10,159.0,18.41
26,DENV,2020,11,572.0,66.23
26,DENV,2020,12,1553.0,179.82
26,DENV,2021,1,4062.0,467.79
26,DENV,2021,2,4217.0,485.64
26,DENV,2021,3,3202.0,368.75
26,DENV,2021,4,909.0,104.68
26,DENV,2021,5,421.0,48.48
26,DENV,2021,6,173.0,19.92
26,DENV,2021,7,124.0,14.28
26,DENV,2021,8,119.0,13.7
26,DENV,2021,9,175.0,20.15
26,DENV,2021,10,281.0,32.36
26,DENV,2021,11,411.0,47.33
26,DENV,2021,12,893.0,102.84
26,DENV,2022,1,533.0,61.08
26,DENV,2022,2,491.0,56.27
26,DENV,2022,3,539.0,61.77
26,DENV,2022,4,357.0,40.91
26,DENV,2022,5,352.0,40.34
26,DENV,2022,6,173.0,19.83
26,DENV,2022,7,145.0,16.62
26,DENV,2022,8,91.0,10.43
26,DENV,2022,9,60.0,6.88
26,DENV,2022,10,127.0,14.55
26,DENV,2022,11,232.0,26.59
26,DENV,2022,12,325.0,37.25
26,DENV,2023,1,562.0,64.11
26,DENV,2023,2,793.0,90.47
26,DENV,2023,3,1102.0,125.72
26,DENV,2023,4,744.0,84.88
26,DENV,2023,5,472.0,53.85
26,DENV,2023,6,187.0,21.33
26,DENV,2023,7,147.0,16.77
26,DENV,2023,8,148.0,16.88
26,DENV,2023,9,133.0,15.17
26,DENV,2023,10,256.0,29.2
26,DENV,2023,11,783.0,89.32
26,DENV,2023,12,1846.0,210.59
26,DENV,2024,1,1970.0,223.7
26,DENV,2024,2,736.0,83.58
26,DENV,2024,3,439.0,49.85
26,DENV,2024,4,352.0,39.97
26,DENV,2024,5,204.0,23.17
26,DENV,2024,6,99.0,11.24
26,DENV,2024,7,96.0,10.9
26,DENV,2024,8,93.0,10.56
26,DENV,2024,9,115.0,13.06
26,DENV,2024,10,314.0,35.66
26,DENV,2024,11,552.0,62.68
26,DENV,2024,12,1303.0,147.96
26,DENV,2025,1,2157.0,243.9
26,DENV,2025,2,2337.0,264.26
26,DENV,2025,3,1509.0,170.63
26,DENV,2025,4,756.0,85.48
26,DENV,2025,5,494.0,55.86
26,DENV,2025,6,282.0,31.89
26,DENV,2025,7,184.0,20.81
26,DENV,2025,8,131.0,14.81
26,DENV,2025,9,168.0,19.0
26,DENV,2025,10,174.0,19.67
26,DENV,2025,11,208.0,23.52
26,DENV,2025,12,290.0,32.79
27,DENV,2016,1,1714.0,102.02
27,DENV,2016,2,2273.0,135.29
27,DENV,2016,3,1720.0,102.38
27,DENV,2016,4,842.0,50.12
27,DENV,2016,5,291.0,17.32
27,DENV,2016,6,115.0,6.84
27,DENV,2016,7,112.0,6.67
27,DENV,2016,8,30.0,1.79
27,DENV,2016,9,40.0,2.38
27,DENV,2016,10,43.0,2.56
27,DENV,2016,11,155.0,9.23
27,DENV,2016,12,574.0,34.16
27,DENV,2017,1,583.0,34.47
27,DENV,2017,2,511.0,30.21
27,DENV,2017,3,427.0,25.24
27,DENV,2017,4,155.0,9.16
27,DENV,2017,5,100.0,5.91
27,DENV,2017,6,67.0,3.96
27,DENV,2017,7,36.0,2.13
27,DENV,2017,8,54.0,3.19
27,DENV,2017,9,47.0,2.78
27,DENV,2017,10,43.0,2.54
27,DENV,2017,11,77.0,4.55
27,DENV,2017,12,94.0,5.56
27,DENV,2018,1,94.0,5.52
27,DENV,2018,2,78.0,4.58
27,DENV,2018,3,46.0,2.7
27,DENV,2018,4,61.0,3.58
27,DENV,2018,5,68.0,4.0
27,DENV,2018,6,29.0,1.7
27,DENV,2018,7,30.0,1.76
27,DENV,2018,8,27.0,1.59
27,DENV,2018,9,17.0,1.0
27,DENV,2018,10,36.0,2.12
27,DENV,2018,11,34.0,2.0
27,DENV,2018,12,19.0,1.12
27,DENV,2019,1,29.0,1.69
27,DENV,2019,2,43.0,2.51
27,DENV,2019,3,48.0,2.8
27,DENV,2019,4,82.0,4.79
27,DENV,2019,5,65.0,3.8
27,DENV,2019,6,85.0,4.96
27,DENV,2019,7,130.0,7.59
27,DENV,2019,8,80.0,4.67
27,DENV,2019,9,25.0,1.46
27,DENV,2019,10,65.0,3.8
27,DENV,2019,11,113.0,6.6
27,DENV,2019,12,205.0,11.97
27,DENV,2020,1,329.0,19.1
27,DENV,2020,2,628.0,36.45
27,DENV,2020,3,769.0,44.64
27,DENV,2020,4,668.0,38.78
27,DENV,2020,5,529.0,30.71
27,DENV,2020,6,296.0,17.18
27,DENV,2020,7,217.0,12.6
27,DENV,2020,8,121.0,7.02
27,DENV,2020,9,41.0,2.38
27,DENV,2020,10,40.0,2.32
27,DENV,2020,11,78.0,4.53
27,DENV,2020,12,208.0,12.07
27,DENV,2021,1,251.0,14.51
27,DENV,2021,2,324.0,18.73
27,DENV,2021,3,283.0,16.36
27,DENV,2021,4,195.0,11.27
27,DENV,2021,5,173.0,10.0
27,DENV,2021,6,151.0,8.73
27,DENV,2021,7,83.0,4.8
27,DENV,2021,8,50.0,2.89
27,DENV,2021,9,23.0,1.33
27,DENV,2021,10,49.0,2.83
27,DENV,2021,11,223.0,12.89
27,DENV,2021,12,493.0,28.5
27,DENV,2022,1,1003.0,57.82
27,DENV,2022,2,1366.0,78.75
27,DENV,2022,3,2015.0,116.16
27,DENV,2022,4,2212.0,127.52
27,DENV,2022,5,1674.0,96.5
27,DENV,2022,6,898.0,51.77
27,DENV,2022,7,657.0,37.88
27,DENV,2022,8,437.0,25.19
27,DENV,2022,9,379.0,21.85
27,DENV,2022,10,427.0,24.62
27,DENV,2022,11,1020.0,58.8
27,DENV,2022,12,2164.0,124.75
27,DENV,2023,1,2844.0,163.42
27,DENV,2023,2,2475.0,142.22
27,DENV,2023,3,2292.0,131.7
27,DENV,2023,4,1137.0,65.34
27,DENV,2023,5,636.0,36.55
27,DENV,2023,6,326.0,18.73
27,DENV,2023,7,191.0,10.98
27,DENV,2023,8,155.0,8.91
27,DENV,2023,9,111.0,6.38
27,DENV,2023,10,219.0,12.58
27,DENV,2023,11,141.0,8.1
27,DENV,2023,12,173.0,9.94
27,DENV,2024,1,455.0,26.06
27,DENV,2024,2,1364.0,78.11
27,DENV,2024,3,1899.0,108.75
27,DENV,2024,4,696.0,39.86
27,DENV,2024,5,230.0,13.17
27,DENV,2024,6,135.0,7.73
27,DENV,2024,7,99.0,5.67
27,DENV,2024,8,83.0,4.75
27,DENV,2024,9,47.0,2.69
27,DENV,2024,10,30.0,1.72
27,DENV,2024,11,53.0,3.04
27,DENV,2024,12,73.0,4.18
27,DENV,2025,1,143.0,8.16
27,DENV,2025,2,182.0,10.39
27,DENV,2025,3,390.0,22.26
27,DENV,2025,4,462.0,26.37
27,DENV,2025,5,429.0,24.49
27,DENV,2025,6,302.0,17.24
27,DENV,2025,7,186.0,10.62
27,DENV,2025,8,92.0,5.25
27,DENV,2025,9,104.0,5.94
27,DENV,2025,10,83.0,4.74
27,DENV,2025,11,69.0,3.94
27,DENV,2025,12,140.0,7.99
1,CHIKV,2017,1,48.0,1.68
1,CHIKV,2017,2,44.0,1.54
1,CHIKV,2017,3,55.0,1.93
1,CHIKV,2017,4,50.0,1.75
1,CHIKV,2017,5,67.0,2.35
1,CHIKV,2017,6,63.0,2.21
1,CHIKV,2017,7,28.0,0.98
1,CHIKV,2017,8,13.0,0.46
1,CHIKV,2017,9,15.0,0.53
1,CHIKV,2017,10,26.0,0.91
1,CHIKV,2017,11,24.0,0.84
1,CHIKV,2017,12,15.0,0.53
1,CHIKV,2018,1,18.0,0.63
1,CHIKV,2018,2,14.0,0.49
1,CHIKV,2018,3,26.0,0.9
1,CHIKV,2018,4,19.0,0.66
1,CHIKV,2018,5,25.0,0.87
1,CHIKV,2018,6,12.0,0.42
1,CHIKV,2018,7,12.0,0.42
1,CHIKV,2018,8,23.0,0.8
1,CHIKV,2018,9,21.0,0.73
1,CHIKV,2018,10,12.0,0.42
1,CHIKV,2018,11,12.0,0.42
1,CHIKV,2018,12,17.0,0.59
1,CHIKV,2019,1,18.0,0.62
1,CHIKV,2019,2,47.0,1.62
1,CHIKV,2019,3,65.0,2.24
1,CHIKV,2019,4,80.0,2.76
1,CHIKV,2019,5,88.0,3.03
1,CHIKV,2019,6,78.0,2.69
1,CHIKV,2019,7,34.0,1.17
1,CHIKV,2019,8,14.0,0.48
1,CHIKV,2019,9,16.0,0.55
1,CHIKV,2019,10,15.0,0.52
1,CHIKV,2019,11,12.0,0.41
1,CHIKV,2019,12,15.0,0.52
1,CHIKV,2020,1,116.0,3.97
1,CHIKV,2020,2,145.0,4.96
1,CHIKV,2020,3,177.0,6.06
1,CHIKV,2020,4,193.0,6.61
1,CHIKV,2020,5,204.0,6.98
1,CHIKV,2020,6,144.0,4.93
1,CHIKV,2020,7,159.0,5.44
1,CHIKV,2020,8,326.0,11.16
1,CHIKV,2020,9,17.0,0.58
1,CHIKV,2020,10,24.0,0.82
1,CHIKV,2020,11,19.0,0.65
1,CHIKV,2020,12,20.0,0.68
1,CHIKV,2021,1,6.0,0.2
1,CHIKV,2021,2,7.0,0.24
1,CHIKV,2021,3,12.0,0.41
1,CHIKV,2021,4,21.0,0.71
1,CHIKV,2021,5,72.0,2.45
1,CHIKV,2021,6,71.0,2.42
1,CHIKV,2021,7,48.0,1.63
1,CHIKV,2021,8,20.0,0.68
1,CHIKV,2021,9,13.0,0.44
1,CHIKV,2021,10,18.0,0.61
1,CHIKV,2021,11,21.0,0.71
1,CHIKV,2021,12,25.0,0.85
1,CHIKV,2022,1,37.0,1.25
1,CHIKV,2022,2,82.0,2.78
1,CHIKV,2022,3,157.0,5.32
1,CHIKV,2022,4,201.0,6.81
1,CHIKV,2022,5,203.0,6.88
1,CHIKV,2022,6,100.0,3.39
1,CHIKV,2022,7,64.0,2.17
1,CHIKV,2022,8,61.0,2.07
1,CHIKV,2022,9,44.0,1.49
1,CHIKV,2022,10,21.0,0.71
1,CHIKV,2022,11,19.0,0.64
1,CHIKV,2022,12,32.0,1.08
1,CHIKV,2023,1,60.0,2.02
1,CHIKV,2023,2,135.0,4.55
1,CHIKV,2023,3,202.0,6.81
1,CHIKV,2023,4,156.0,5.26
1,CHIKV,2023,5,199.0,6.71
1,CHIKV,2023,6,119.0,4.01
1,CHIKV,2023,7,71.0,2.39
1,CHIKV,2023,8,46.0,1.55
1,CHIKV,2023,9,33.0,1.11
1,CHIKV,2023,10,36.0,1.21
1,CHIKV,2023,11,37.0,1.25
1,CHIKV,2023,12,79.0,2.66
1,CHIKV,2024,1,218.0,7.31
1,CHIKV,2024,2,297.0,9.96
1,CHIKV,2024,3,325.0,10.9
1,CHIKV,2024,4,176.0,5.9
1,CHIKV,2024,5,108.0,3.62
1,CHIKV,2024,6,52.0,1.74
1,CHIKV,2024,7,33.0,1.11
1,CHIKV,2024,8,22.0,0.74
1,CHIKV,2024,9,16.0,0.54
1,CHIKV,2024,10,34.0,1.14
1,CHIKV,2024,11,50.0,1.68
1,CHIKV,2024,12,32.0,1.07
1,CHIKV,2025,1,32.0,1.07
1,CHIKV,2025,2,42.0,1.4
1,CHIKV,2025,3,46.0,1.53
1,CHIKV,2025,4,31.0,1.03
1,CHIKV,2025,5,47.0,1.57
1,CHIKV,2025,6,25.0,0.83
1,CHIKV,2025,7,19.0,0.63
1,CHIKV,2025,8,22.0,0.73
1,CHIKV,2025,9,30.0,1.0
1,CHIKV,2025,10,39.0,1.3
1,CHIKV,2025,11,43.0,1.43
1,CHIKV,2025,12,42.0,1.4
2,CHIKV,2017,1,84.0,1.23
2,CHIKV,2017,2,78.0,1.15
2,CHIKV,2017,3,116.0,1.7
2,CHIKV,2017,4,66.0,0.97
2,CHIKV,2017,5,124.0,1.82
2,CHIKV,2017,6,47.0,0.69
2,CHIKV,2017,7,29.0,0.43
2,CHIKV,2017,8,22.0,0.32
2,CHIKV,2017,9,20.0,0.29
2,CHIKV,2017,10,25.0,0.37
2,CHIKV,2017,11,26.0,0.38
2,CHIKV,2017,12,25.0,0.37
2,CHIKV,2018,1,60.0,0.87
2,CHIKV,2018,2,91.0,1.32
2,CHIKV,2018,3,67.0,0.97
2,CHIKV,2018,4,58.0,0.84
2,CHIKV,2018,5,64.0,0.93
2,CHIKV,2018,6,32.0,0.46
2,CHIKV,2018,7,22.0,0.32
2,CHIKV,2018,8,19.0,0.28
2,CHIKV,2018,9,14.0,0.2
2,CHIKV,2018,10,29.0,0.42
2,CHIKV,2018,11,28.0,0.41
2,CHIKV,2018,12,38.0,0.55
2,CHIKV,2019,1,24.0,0.34
2,CHIKV,2019,2,47.0,0.67
2,CHIKV,2019,3,54.0,0.77
2,CHIKV,2019,4,60.0,0.86
2,CHIKV,2019,5,69.0,0.99
2,CHIKV,2019,6,27.0,0.39
2,CHIKV,2019,7,24.0,0.34
2,CHIKV,2019,8,7.0,0.1
2,CHIKV,2019,9,6.0,0.09
2,CHIKV,2019,10,11.0,0.16
2,CHIKV,2019,11,9.0,0.13
2,CHIKV,2019,12,8.0,0.11
2,CHIKV,2020,1,20.0,0.28
2,CHIKV,2020,2,17.0,0.24
2,CHIKV,2020,3,28.0,0.4
2,CHIKV,2020,4,19.0,0.27
2,CHIKV,2020,5,33.0,0.47
2,CHIKV,2020,6,12.0,0.17
2,CHIKV,2020,7,17.0,0.24
2,CHIKV,2020,8,11.0,0.16
2,CHIKV,2020,9,7.0,0.1
2,CHIKV,2020,10,3.0,0.04
2,CHIKV,2020,11,3.0,0.04
2,CHIKV,2020,12,5.0,0.07
2,CHIKV,2021,1,15.0,0.21
2,CHIKV,2021,2,17.0,0.24
2,CHIKV,2021,3,40.0,0.56
2,CHIKV,2021,4,113.0,1.58
2,CHIKV,2021,5,189.0,2.65
2,CHIKV,2021,6,163.0,2.28
2,CHIKV,2021,7,97.0,1.36
2,CHIKV,2021,8,51.0,0.71
2,CHIKV,2021,9,24.0,0.34
2,CHIKV,2021,10,28.0,0.39
2,CHIKV,2021,11,50.0,0.7
2,CHIKV,2021,12,255.0,3.57
2,CHIKV,2022,1,378.0,5.25
2,CHIKV,2022,2,787.0,10.93
2,CHIKV,2022,3,1149.0,15.96
2,CHIKV,2022,4,952.0,13.22
2,CHIKV,2022,5,991.0,13.76
2,CHIKV,2022,6,553.0,7.68
2,CHIKV,2022,7,234.0,3.25
2,CHIKV,2022,8,277.0,3.85
2,CHIKV,2022,9,189.0,2.62
2,CHIKV,2022,10,249.0,3.46
2,CHIKV,2022,11,157.0,2.18
2,CHIKV,2022,12,99.0,1.37
2,CHIKV,2023,1,133.0,1.83
2,CHIKV,2023,2,271.0,3.73
2,CHIKV,2023,3,384.0,5.28
2,CHIKV,2023,4,504.0,6.93
2,CHIKV,2023,5,653.0,8.98
2,CHIKV,2023,6,470.0,6.46
2,CHIKV,2023,7,283.0,3.89
2,CHIKV,2023,8,186.0,2.56
2,CHIKV,2023,9,149.0,2.05
2,CHIKV,2023,10,98.0,1.35
2,CHIKV,2023,11,161.0,2.21
2,CHIKV,2023,12,707.0,9.72
2,CHIKV,2024,1,1534.0,20.87
2,CHIKV,2024,2,2276.0,30.96
2,CHIKV,2024,3,2584.0,35.15
2,CHIKV,2024,4,2758.0,37.52
2,CHIKV,2024,5,2521.0,34.3
2,CHIKV,2024,6,1336.0,18.18
2,CHIKV,2024,7,504.0,6.86
2,CHIKV,2024,8,228.0,3.1
2,CHIKV,2024,9,198.0,2.69
2,CHIKV,2024,10,142.0,1.93
2,CHIKV,2024,11,187.0,2.54
2,CHIKV,2024,12,188.0,2.56
2,CHIKV,2025,1,538.0,7.25
2,CHIKV,2025,2,364.0,4.9
2,CHIKV,2025,3,344.0,4.63
2,CHIKV,2025,4,473.0,6.37
2,CHIKV,2025,5,580.0,7.81
2,CHIKV,2025,6,449.0,6.05
2,CHIKV,2025,7,249.0,3.35
2,CHIKV,2025,8,121.0,1.63
2,CHIKV,2025,9,110.0,1.48
2,CHIKV,2025,10,92.0,1.24
2,CHIKV,2025,11,101.0,1.36
2,CHIKV,2025,12,193.0,2.6
3,CHIKV,2017,1,187.0,5.45
3,CHIKV,2017,2,385.0,11.21
3,CHIKV,2017,3,660.0,19.22
3,CHIKV,2017,4,907.0,26.42
3,CHIKV,2017,5,662.0,19.28
3,CHIKV,2017,6,342.0,9.96
3,CHIKV,2017,7,212.0,6.17
3,CHIKV,2017,8,103.0,3.0
3,CHIKV,2017,9,54.0,1.57
3,CHIKV,2017,10,60.0,1.75
3,CHIKV,2017,11,96.0,2.8
3,CHIKV,2017,12,261.0,7.6
3,CHIKV,2018,1,3705.0,106.14
3,CHIKV,2018,2,4240.0,121.47
3,CHIKV,2018,3,2984.0,85.49
3,CHIKV,2018,4,1464.0,41.94
3,CHIKV,2018,5,870.0,24.92
3,CHIKV,2018,6,415.0,11.89
3,CHIKV,2018,7,179.0,5.13
3,CHIKV,2018,8,145.0,4.15
3,CHIKV,2018,9,59.0,1.69
3,CHIKV,2018,10,82.0,2.35
3,CHIKV,2018,11,100.0,2.86
3,CHIKV,2018,12,117.0,3.35
3,CHIKV,2019,1,60.0,1.69
3,CHIKV,2019,2,82.0,2.31
3,CHIKV,2019,3,112.0,3.15
3,CHIKV,2019,4,133.0,3.74
3,CHIKV,2019,5,149.0,4.19
3,CHIKV,2019,6,96.0,2.7
3,CHIKV,2019,7,60.0,1.69
3,CHIKV,2019,8,31.0,0.87
3,CHIKV,2019,9,26.0,0.73
3,CHIKV,2019,10,39.0,1.1
3,CHIKV,2019,11,44.0,1.24
3,CHIKV,2019,12,57.0,1.6
3,CHIKV,2020,1,155.0,4.29
3,CHIKV,2020,2,182.0,5.04
3,CHIKV,2020,3,155.0,4.29
3,CHIKV,2020,4,98.0,2.71
3,CHIKV,2020,5,69.0,1.91
3,CHIKV,2020,6,52.0,1.44
3,CHIKV,2020,7,22.0,0.61
3,CHIKV,2020,8,16.0,0.44
3,CHIKV,2020,9,9.0,0.25
3,CHIKV,2020,10,2.0,0.06
3,CHIKV,2020,11,10.0,0.28
3,CHIKV,2020,12,9.0,0.25
3,CHIKV,2021,1,15.0,0.41
3,CHIKV,2021,2,46.0,1.25
3,CHIKV,2021,3,65.0,1.77
3,CHIKV,2021,4,44.0,1.2
3,CHIKV,2021,5,39.0,1.06
3,CHIKV,2021,6,24.0,0.65
3,CHIKV,2021,7,20.0,0.55
3,CHIKV,2021,8,26.0,0.71
3,CHIKV,2021,9,11.0,0.3
3,CHIKV,2021,10,12.0,0.33
3,CHIKV,2021,11,18.0,0.49
3,CHIKV,2021,12,25.0,0.68
3,CHIKV,2022,1,25.0,0.67
3,CHIKV,2022,2,27.0,0.73
3,CHIKV,2022,3,65.0,1.75
3,CHIKV,2022,4,84.0,2.26
3,CHIKV,2022,5,83.0,2.23
3,CHIKV,2022,6,57.0,1.53
3,CHIKV,2022,7,37.0,0.99
3,CHIKV,2022,8,35.0,0.94
3,CHIKV,2022,9,11.0,0.3
3,CHIKV,2022,10,12.0,0.32
3,CHIKV,2022,11,17.0,0.46
3,CHIKV,2022,12,13.0,0.35
3,CHIKV,2023,1,10.0,0.26
3,CHIKV,2023,2,34.0,0.9
3,CHIKV,2023,3,77.0,2.04
3,CHIKV,2023,4,152.0,4.02
3,CHIKV,2023,5,90.0,2.38
3,CHIKV,2023,6,52.0,1.38
3,CHIKV,2023,7,33.0,0.87
3,CHIKV,2023,8,34.0,0.9
3,CHIKV,2023,9,49.0,1.3
3,CHIKV,2023,10,79.0,2.09
3,CHIKV,2023,11,52.0,1.38
3,CHIKV,2023,12,49.0,1.3
3,CHIKV,2024,1,382.0,9.96
3,CHIKV,2024,2,2585.0,67.38
3,CHIKV,2024,3,3312.0,86.33
3,CHIKV,2024,4,4202.0,109.53
3,CHIKV,2024,5,5347.0,139.38
3,CHIKV,2024,6,3483.0,90.79
3,CHIKV,2024,7,2054.0,53.54
3,CHIKV,2024,8,1058.0,27.58
3,CHIKV,2024,9,489.0,12.75
3,CHIKV,2024,10,432.0,11.26
3,CHIKV,2024,11,564.0,14.7
3,CHIKV,2024,12,1785.0,46.53
3,CHIKV,2025,1,10572.0,271.52
3,CHIKV,2025,2,15089.0,387.53
3,CHIKV,2025,3,9556.0,245.42
3,CHIKV,2025,4,9561.0,245.55
3,CHIKV,2025,5,10664.0,273.88
3,CHIKV,2025,6,5218.0,134.01
3,CHIKV,2025,7,2385.0,61.25
3,CHIKV,2025,8,1080.0,27.74
3,CHIKV,2025,9,783.0,20.11
3,CHIKV,2025,10,672.0,17.26
3,CHIKV,2025,11,566.0,14.54
3,CHIKV,2025,12,394.0,10.12
4,CHIKV,2017,1,44.0,1.62
4,CHIKV,2017,2,46.0,1.69
4,CHIKV,2017,3,55.0,2.03
4,CHIKV,2017,4,36.0,1.33
4,CHIKV,2017,5,50.0,1.84
4,CHIKV,2017,6,27.0,0.99
4,CHIKV,2017,7,18.0,0.66
4,CHIKV,2017,8,32.0,1.18
4,CHIKV,2017,9,39.0,1.44
4,CHIKV,2017,10,69.0,2.54
4,CHIKV,2017,11,80.0,2.95
4,CHIKV,2017,12,72.0,2.65
4,CHIKV,2018,1,70.0,2.55
4,CHIKV,2018,2,49.0,1.78
4,CHIKV,2018,3,93.0,3.39
4,CHIKV,2018,4,103.0,3.75
4,CHIKV,2018,5,88.0,3.2
4,CHIKV,2018,6,61.0,2.22
4,CHIKV,2018,7,54.0,1.97
4,CHIKV,2018,8,37.0,1.35
4,CHIKV,2018,9,42.0,1.53
4,CHIKV,2018,10,70.0,2.55
4,CHIKV,2018,11,68.0,2.48
4,CHIKV,2018,12,86.0,3.13
4,CHIKV,2019,1,83.0,2.99
4,CHIKV,2019,2,99.0,3.56
4,CHIKV,2019,3,117.0,4.21
4,CHIKV,2019,4,96.0,3.46
4,CHIKV,2019,5,83.0,2.99
4,CHIKV,2019,6,56.0,2.02
4,CHIKV,2019,7,37.0,1.33
4,CHIKV,2019,8,24.0,0.86
4,CHIKV,2019,9,20.0,0.72
4,CHIKV,2019,10,29.0,1.04
4,CHIKV,2019,11,31.0,1.12
4,CHIKV,2019,12,23.0,0.83
4,CHIKV,2020,1,80.0,2.85
4,CHIKV,2020,2,93.0,3.31
4,CHIKV,2020,3,84.0,2.99
4,CHIKV,2020,4,51.0,1.82
4,CHIKV,2020,5,25.0,0.89
4,CHIKV,2020,6,12.0,0.43
4,CHIKV,2020,7,10.0,0.36
4,CHIKV,2020,8,15.0,0.53
4,CHIKV,2020,9,6.0,0.21
4,CHIKV,2020,10,17.0,0.61
4,CHIKV,2020,11,18.0,0.64
4,CHIKV,2020,12,7.0,0.25
4,CHIKV,2021,1,24.0,0.85
4,CHIKV,2021,2,38.0,1.34
4,CHIKV,2021,3,96.0,3.39
4,CHIKV,2021,4,85.0,3.0
4,CHIKV,2021,5,53.0,1.87
4,CHIKV,2021,6,54.0,1.91
4,CHIKV,2021,7,28.0,0.99
4,CHIKV,2021,8,20.0,0.71
4,CHIKV,2021,9,17.0,0.6
4,CHIKV,2021,10,20.0,0.71
4,CHIKV,2021,11,41.0,1.45
4,CHIKV,2021,12,49.0,1.73
4,CHIKV,2022,1,49.0,1.72
4,CHIKV,2022,2,71.0,2.49
4,CHIKV,2022,3,353.0,12.37
4,CHIKV,2022,4,701.0,24.56
4,CHIKV,2022,5,752.0,26.35
4,CHIKV,2022,6,645.0,22.6
4,CHIKV,2022,7,215.0,7.53
4,CHIKV,2022,8,246.0,8.62
4,CHIKV,2022,9,241.0,8.44
4,CHIKV,2022,10,367.0,12.86
4,CHIKV,2022,11,460.0,16.12
4,CHIKV,2022,12,245.0,8.58
4,CHIKV,2023,1,292.0,10.15
4,CHIKV,2023,2,1072.0,37.25
4,CHIKV,2023,3,3983.0,138.39
4,CHIKV,2023,4,3708.0,128.84
4,CHIKV,2023,5,2685.0,93.29
4,CHIKV,2023,6,1089.0,37.84
4,CHIKV,2023,7,724.0,25.16
4,CHIKV,2023,8,546.0,18.97
4,CHIKV,2023,9,259.0,9.0
4,CHIKV,2023,10,368.0,12.79
4,CHIKV,2023,11,508.0,17.65
4,CHIKV,2023,12,422.0,14.66
4,CHIKV,2024,1,1753.0,60.41
4,CHIKV,2024,2,4684.0,161.41
4,CHIKV,2024,3,7988.0,275.27
4,CHIKV,2024,4,7815.0,269.31
4,CHIKV,2024,5,4942.0,170.3
4,CHIKV,2024,6,1927.0,66.4
4,CHIKV,2024,7,807.0,27.81
4,CHIKV,2024,8,810.0,27.91
4,CHIKV,2024,9,757.0,26.09
4,CHIKV,2024,10,784.0,27.02
4,CHIKV,2024,11,785.0,27.05
4,CHIKV,2024,12,741.0,25.54
4,CHIKV,2025,1,2972.0,101.62
4,CHIKV,2025,2,4536.0,155.1
4,CHIKV,2025,3,7932.0,271.21
4,CHIKV,2025,4,10180.0,348.08
4,CHIKV,2025,5,8755.0,299.35
4,CHIKV,2025,6,4596.0,157.15
4,CHIKV,2025,7,2607.0,89.14
4,CHIKV,2025,8,1685.0,57.61
4,CHIKV,2025,9,1789.0,61.17
4,CHIKV,2025,10,1604.0,54.84
4,CHIKV,2025,11,1973.0,67.46
4,CHIKV,2025,12,1842.0,62.98
5,CHIKV,2017,1,100.0,0.9
5,CHIKV,2017,2,69.0,0.62
5,CHIKV,2017,3,55.0,0.49
5,CHIKV,2017,4,37.0,0.33
5,CHIKV,2017,5,26.0,0.23
5,CHIKV,2017,6,21.0,0.19
5,CHIKV,2017,7,14.0,0.13
5,CHIKV,2017,8,16.0,0.14
5,CHIKV,2017,9,18.0,0.16
5,CHIKV,2017,10,17.0,0.15
5,CHIKV,2017,11,13.0,0.12
5,CHIKV,2017,12,21.0,0.19
5,CHIKV,2018,1,32.0,0.29
5,CHIKV,2018,2,34.0,0.3
5,CHIKV,2018,3,22.0,0.2
5,CHIKV,2018,4,22.0,0.2
5,CHIKV,2018,5,65.0,0.58
5,CHIKV,2018,6,40.0,0.36
5,CHIKV,2018,7,12.0,0.11
5,CHIKV,2018,8,26.0,0.23
5,CHIKV,2018,9,7.0,0.06
5,CHIKV,2018,10,18.0,0.16
5,CHIKV,2018,11,12.0,0.11
5,CHIKV,2018,12,5.0,0.04
5,CHIKV,2019,1,31.0,0.28
5,CHIKV,2019,2,34.0,0.3
5,CHIKV,2019,3,24.0,0.21
5,CHIKV,2019,4,53.0,0.47
5,CHIKV,2019,5,64.0,0.57
5,CHIKV,2019,6,33.0,0.29
5,CHIKV,2019,7,20.0,0.18
5,CHIKV,2019,8,19.0,0.17
5,CHIKV,2019,9,14.0,0.13
5,CHIKV,2019,10,16.0,0.14
5,CHIKV,2019,11,18.0,0.16
5,CHIKV,2019,12,17.0,0.15
5,CHIKV,2020,1,27.0,0.24
5,CHIKV,2020,2,18.0,0.16
5,CHIKV,2020,3,27.0,0.24
5,CHIKV,2020,4,25.0,0.22
5,CHIKV,2020,5,65.0,0.58
5,CHIKV,2020,6,39.0,0.35
5,CHIKV,2020,7,16.0,0.14
5,CHIKV,2020,8,10.0,0.09
5,CHIKV,2020,9,7.0,0.06
5,CHIKV,2020,10,12.0,0.11
5,CHIKV,2020,11,10.0,0.09
5,CHIKV,2020,12,7.0,0.06
5,CHIKV,2021,1,4.0,0.04
5,CHIKV,2021,2,9.0,0.08
5,CHIKV,2021,3,106.0,0.94
5,CHIKV,2021,4,312.0,2.78
5,CHIKV,2021,5,133.0,1.18
5,CHIKV,2021,6,37.0,0.33
5,CHIKV,2021,7,22.0,0.2
5,CHIKV,2021,8,12.0,0.11
5,CHIKV,2021,9,6.0,0.05
5,CHIKV,2021,10,9.0,0.08
5,CHIKV,2021,11,12.0,0.11
5,CHIKV,2021,12,11.0,0.1
5,CHIKV,2022,1,9.0,0.08
5,CHIKV,2022,2,25.0,0.22
5,CHIKV,2022,3,140.0,1.25
5,CHIKV,2022,4,257.0,2.29
5,CHIKV,2022,5,189.0,1.68
5,CHIKV,2022,6,33.0,0.29
5,CHIKV,2022,7,19.0,0.17
5,CHIKV,2022,8,17.0,0.15
5,CHIKV,2022,9,13.0,0.12
5,CHIKV,2022,10,6.0,0.05
5,CHIKV,2022,11,17.0,0.15
5,CHIKV,2022,12,31.0,0.28
5,CHIKV,2023,1,29.0,0.26
5,CHIKV,2023,2,19.0,0.17
5,CHIKV,2023,3,101.0,0.9
5,CHIKV,2023,4,138.0,1.23
5,CHIKV,2023,5,114.0,1.02
5,CHIKV,2023,6,50.0,0.45
5,CHIKV,2023,7,39.0,0.35
5,CHIKV,2023,8,15.0,0.13
5,CHIKV,2023,9,12.0,0.11
5,CHIKV,2023,10,19.0,0.17
5,CHIKV,2023,11,22.0,0.2
5,CHIKV,2023,12,20.0,0.18
5,CHIKV,2024,1,86.0,0.77
5,CHIKV,2024,2,163.0,1.45
5,CHIKV,2024,3,212.0,1.89
5,CHIKV,2024,4,216.0,1.92
5,CHIKV,2024,5,71.0,0.63
5,CHIKV,2024,6,52.0,0.46
5,CHIKV,2024,7,33.0,0.29
5,CHIKV,2024,8,17.0,0.15
5,CHIKV,2024,9,11.0,0.1
5,CHIKV,2024,10,18.0,0.16
5,CHIKV,2024,11,17.0,0.15
5,CHIKV,2024,12,16.0,0.14
5,CHIKV,2025,1,64.0,0.57
5,CHIKV,2025,2,57.0,0.51
5,CHIKV,2025,3,285.0,2.54
5,CHIKV,2025,4,477.0,4.25
5,CHIKV,2025,5,285.0,2.54
5,CHIKV,2025,6,56.0,0.5
5,CHIKV,2025,7,36.0,0.32
5,CHIKV,2025,8,24.0,0.21
5,CHIKV,2025,9,35.0,0.31
5,CHIKV,2025,10,68.0,0.61
5,CHIKV,2025,11,57.0,0.51
5,CHIKV,2025,12,56.0,0.5
6,CHIKV,2017,1,100.0,1.4
6,CHIKV,2017,2,49.0,0.69
6,CHIKV,2017,3,39.0,0.55
6,CHIKV,2017,4,29.0,0.41
6,CHIKV,2017,5,29.0,0.41
6,CHIKV,2017,6,23.0,0.32
6,CHIKV,2017,7,21.0,0.29
6,CHIKV,2017,8,23.0,0.32
6,CHIKV,2017,9,16.0,0.22
6,CHIKV,2017,10,25.0,0.35
6,CHIKV,2017,11,33.0,0.46
6,CHIKV,2017,12,40.0,0.56
6,CHIKV,2018,1,60.0,0.83
6,CHIKV,2018,2,57.0,0.78
6,CHIKV,2018,3,46.0,0.63
6,CHIKV,2018,4,38.0,0.52
6,CHIKV,2018,5,39.0,0.54
6,CHIKV,2018,6,31.0,0.43
6,CHIKV,2018,7,18.0,0.25
6,CHIKV,2018,8,21.0,0.29
6,CHIKV,2018,9,18.0,0.25
6,CHIKV,2018,10,25.0,0.34
6,CHIKV,2018,11,25.0,0.34
6,CHIKV,2018,12,25.0,0.34
6,CHIKV,2019,1,49.0,0.66
6,CHIKV,2019,2,64.0,0.86
6,CHIKV,2019,3,51.0,0.69
6,CHIKV,2019,4,103.0,1.39
6,CHIKV,2019,5,146.0,1.97
6,CHIKV,2019,6,76.0,1.03
6,CHIKV,2019,7,45.0,0.61
6,CHIKV,2019,8,37.0,0.5
6,CHIKV,2019,9,23.0,0.31
6,CHIKV,2019,10,36.0,0.49
6,CHIKV,2019,11,41.0,0.55
6,CHIKV,2019,12,32.0,0.43
6,CHIKV,2020,1,51.0,0.68
6,CHIKV,2020,2,74.0,0.98
6,CHIKV,2020,3,75.0,0.99
6,CHIKV,2020,4,93.0,1.23
6,CHIKV,2020,5,76.0,1.01
6,CHIKV,2020,6,115.0,1.52
6,CHIKV,2020,7,54.0,0.72
6,CHIKV,2020,8,29.0,0.38
6,CHIKV,2020,9,24.0,0.32
6,CHIKV,2020,10,27.0,0.36
6,CHIKV,2020,11,17.0,0.23
6,CHIKV,2020,12,23.0,0.3
6,CHIKV,2021,1,25.0,0.33
6,CHIKV,2021,2,69.0,0.9
6,CHIKV,2021,3,48.0,0.63
6,CHIKV,2021,4,91.0,1.19
6,CHIKV,2021,5,91.0,1.19
6,CHIKV,2021,6,47.0,0.61
6,CHIKV,2021,7,32.0,0.42
6,CHIKV,2021,8,25.0,0.33
6,CHIKV,2021,9,20.0,0.26
6,CHIKV,2021,10,22.0,0.29
6,CHIKV,2021,11,26.0,0.34
6,CHIKV,2021,12,34.0,0.44
6,CHIKV,2022,1,32.0,0.41
6,CHIKV,2022,2,146.0,1.87
6,CHIKV,2022,3,225.0,2.89
6,CHIKV,2022,4,165.0,2.12
6,CHIKV,2022,5,100.0,1.28
6,CHIKV,2022,6,38.0,0.49
6,CHIKV,2022,7,32.0,0.41
6,CHIKV,2022,8,21.0,0.27
6,CHIKV,2022,9,23.0,0.29
6,CHIKV,2022,10,13.0,0.17
6,CHIKV,2022,11,26.0,0.33
6,CHIKV,2022,12,29.0,0.37
6,CHIKV,2023,1,34.0,0.43
6,CHIKV,2023,2,46.0,0.58
6,CHIKV,2023,3,180.0,2.27
6,CHIKV,2023,4,244.0,3.08
6,CHIKV,2023,5,190.0,2.4
6,CHIKV,2023,6,40.0,0.5
6,CHIKV,2023,7,30.0,0.38
6,CHIKV,2023,8,28.0,0.35
6,CHIKV,2023,9,16.0,0.2
6,CHIKV,2023,10,50.0,0.63
6,CHIKV,2023,11,30.0,0.38
6,CHIKV,2023,12,56.0,0.71
6,CHIKV,2024,1,73.0,0.91
6,CHIKV,2024,2,118.0,1.46
6,CHIKV,2024,3,124.0,1.54
6,CHIKV,2024,4,263.0,3.26
6,CHIKV,2024,5,208.0,2.58
6,CHIKV,2024,6,80.0,0.99
6,CHIKV,2024,7,52.0,0.65
6,CHIKV,2024,8,35.0,0.43
6,CHIKV,2024,9,32.0,0.4
6,CHIKV,2024,10,25.0,0.31
6,CHIKV,2024,11,37.0,0.46
6,CHIKV,2024,12,44.0,0.55
6,CHIKV,2025,1,86.0,1.05
6,CHIKV,2025,2,173.0,2.11
6,CHIKV,2025,3,884.0,10.8
6,CHIKV,2025,4,817.0,9.98
6,CHIKV,2025,5,411.0,5.02
6,CHIKV,2025,6,126.0,1.54
6,CHIKV,2025,7,66.0,0.81
6,CHIKV,2025,8,57.0,0.7
6,CHIKV,2025,9,59.0,0.72
6,CHIKV,2025,10,71.0,0.87
6,CHIKV,2025,11,109.0,1.33
6,CHIKV,2025,12,138.0,1.69
7,CHIKV,2017,1,117.0,1.04
7,CHIKV,2017,2,97.0,0.86
7,CHIKV,2017,3,101.0,0.89
7,CHIKV,2017,4,69.0,0.61
7,CHIKV,2017,5,68.0,0.6
7,CHIKV,2017,6,43.0,0.38
7,CHIKV,2017,7,31.0,0.27
7,CHIKV,2017,8,52.0,0.46
7,CHIKV,2017,9,59.0,0.52
7,CHIKV,2017,10,63.0,0.56
7,CHIKV,2017,11,65.0,0.58
7,CHIKV,2017,12,63.0,0.56
7,CHIKV,2018,1,116.0,1.02
7,CHIKV,2018,2,57.0,0.5
7,CHIKV,2018,3,114.0,1.0
7,CHIKV,2018,4,88.0,0.77
7,CHIKV,2018,5,35.0,0.31
7,CHIKV,2018,6,24.0,0.21
7,CHIKV,2018,7,41.0,0.36
7,CHIKV,2018,8,28.0,0.25
7,CHIKV,2018,9,16.0,0.14
7,CHIKV,2018,10,44.0,0.39
7,CHIKV,2018,11,47.0,0.41
7,CHIKV,2018,12,35.0,0.31
7,CHIKV,2019,1,67.0,0.58
7,CHIKV,2019,2,85.0,0.74
7,CHIKV,2019,3,116.0,1.01
7,CHIKV,2019,4,144.0,1.26
7,CHIKV,2019,5,129.0,1.12
7,CHIKV,2019,6,70.0,0.61
7,CHIKV,2019,7,49.0,0.43
7,CHIKV,2019,8,40.0,0.35
7,CHIKV,2019,9,29.0,0.25
7,CHIKV,2019,10,26.0,0.23
7,CHIKV,2019,11,44.0,0.38
7,CHIKV,2019,12,38.0,0.33
7,CHIKV,2020,1,74.0,0.64
7,CHIKV,2020,2,171.0,1.48
7,CHIKV,2020,3,175.0,1.51
7,CHIKV,2020,4,87.0,0.75
7,CHIKV,2020,5,53.0,0.46
7,CHIKV,2020,6,19.0,0.16
7,CHIKV,2020,7,15.0,0.13
7,CHIKV,2020,8,13.0,0.11
7,CHIKV,2020,9,16.0,0.14
7,CHIKV,2020,10,25.0,0.22
7,CHIKV,2020,11,26.0,0.22
7,CHIKV,2020,12,16.0,0.14
7,CHIKV,2021,1,12.0,0.1
7,CHIKV,2021,2,20.0,0.17
7,CHIKV,2021,3,66.0,0.57
7,CHIKV,2021,4,75.0,0.64
7,CHIKV,2021,5,64.0,0.55
7,CHIKV,2021,6,22.0,0.19
7,CHIKV,2021,7,13.0,0.11
7,CHIKV,2021,8,17.0,0.15
7,CHIKV,2021,9,22.0,0.19
7,CHIKV,2021,10,14.0,0.12
7,CHIKV,2021,11,20.0,0.17
7,CHIKV,2021,12,21.0,0.18
7,CHIKV,2022,1,11.0,0.09
7,CHIKV,2022,2,21.0,0.18
7,CHIKV,2022,3,64.0,0.55
7,CHIKV,2022,4,82.0,0.7
7,CHIKV,2022,5,102.0,0.87
7,CHIKV,2022,6,40.0,0.34
7,CHIKV,2022,7,32.0,0.27
7,CHIKV,2022,8,22.0,0.19
7,CHIKV,2022,9,8.0,0.07
7,CHIKV,2022,10,12.0,0.1
7,CHIKV,2022,11,19.0,0.16
7,CHIKV,2022,12,15.0,0.13
7,CHIKV,2023,1,26.0,0.22
7,CHIKV,2023,2,182.0,1.55
7,CHIKV,2023,3,917.0,7.8
7,CHIKV,2023,4,986.0,8.39
7,CHIKV,2023,5,905.0,7.7
7,CHIKV,2023,6,321.0,2.73
7,CHIKV,2023,7,115.0,0.98
7,CHIKV,2023,8,104.0,0.88
7,CHIKV,2023,9,87.0,0.74
7,CHIKV,2023,10,107.0,0.91
7,CHIKV,2023,11,57.0,0.48
7,CHIKV,2023,12,55.0,0.47
7,CHIKV,2024,1,129.0,1.09
7,CHIKV,2024,2,201.0,1.7
7,CHIKV,2024,3,266.0,2.25
7,CHIKV,2024,4,369.0,3.12
7,CHIKV,2024,5,249.0,2.11
7,CHIKV,2024,6,141.0,1.19
7,CHIKV,2024,7,74.0,0.63
7,CHIKV,2024,8,81.0,0.69
7,CHIKV,2024,9,110.0,0.93
7,CHIKV,2024,10,71.0,0.6
7,CHIKV,2024,11,75.0,0.63
7,CHIKV,2024,12,300.0,2.54
7,CHIKV,2025,1,620.0,5.21
7,CHIKV,2025,2,1028.0,8.65
7,CHIKV,2025,3,3024.0,25.43
7,CHIKV,2025,4,3008.0,25.3
7,CHIKV,2025,5,1805.0,15.18
7,CHIKV,2025,6,718.0,6.04
7,CHIKV,2025,7,285.0,2.4
7,CHIKV,2025,8,208.0,1.75
7,CHIKV,2025,9,267.0,2.25
7,CHIKV,2025,10,257.0,2.16
7,CHIKV,2025,11,217.0,1.82
7,CHIKV,2025,12,245.0,2.06
8,CHIKV,2017,1,667.0,1.49
8,CHIKV,2017,2,466.0,1.04
8,CHIKV,2017,3,481.0,1.07
8,CHIKV,2017,4,313.0,0.7
8,CHIKV,2017,5,342.0,0.76
8,CHIKV,2017,6,230.0,0.51
8,CHIKV,2017,7,201.0,0.45
8,CHIKV,2017,8,269.0,0.6
8,CHIKV,2017,9,371.0,0.83
8,CHIKV,2017,10,404.0,0.9
8,CHIKV,2017,11,398.0,0.89
8,CHIKV,2017,12,347.0,0.77
8,CHIKV,2018,1,490.0,1.09
8,CHIKV,2018,2,387.0,0.86
8,CHIKV,2018,3,358.0,0.79
8,CHIKV,2018,4,294.0,0.65
8,CHIKV,2018,5,264.0,0.59
8,CHIKV,2018,6,195.0,0.43
8,CHIKV,2018,7,177.0,0.39
8,CHIKV,2018,8,198.0,0.44
8,CHIKV,2018,9,225.0,0.5
8,CHIKV,2018,10,275.0,0.61
8,CHIKV,2018,11,311.0,0.69
8,CHIKV,2018,12,387.0,0.86
8,CHIKV,2019,1,535.0,1.18
8,CHIKV,2019,2,841.0,1.86
8,CHIKV,2019,3,842.0,1.86
8,CHIKV,2019,4,909.0,2.01
8,CHIKV,2019,5,857.0,1.89
8,CHIKV,2019,6,409.0,0.9
8,CHIKV,2019,7,244.0,0.54
8,CHIKV,2019,8,180.0,0.4
8,CHIKV,2019,9,191.0,0.42
8,CHIKV,2019,10,217.0,0.48
8,CHIKV,2019,11,178.0,0.39
8,CHIKV,2019,12,154.0,0.34
8,CHIKV,2020,1,285.0,0.63
8,CHIKV,2020,2,328.0,0.72
8,CHIKV,2020,3,378.0,0.83
8,CHIKV,2020,4,152.0,0.33
8,CHIKV,2020,5,132.0,0.29
8,CHIKV,2020,6,129.0,0.28
8,CHIKV,2020,7,121.0,0.27
8,CHIKV,2020,8,95.0,0.21
8,CHIKV,2020,9,109.0,0.24
8,CHIKV,2020,10,116.0,0.25
8,CHIKV,2020,11,108.0,0.24
8,CHIKV,2020,12,190.0,0.42
8,CHIKV,2021,1,496.0,1.09
8,CHIKV,2021,2,2668.0,5.84
8,CHIKV,2021,3,8712.0,19.08
8,CHIKV,2021,4,8193.0,17.95
8,CHIKV,2021,5,4671.0,10.23
8,CHIKV,2021,6,1998.0,4.38
8,CHIKV,2021,7,796.0,1.74
8,CHIKV,2021,8,482.0,1.06
8,CHIKV,2021,9,360.0,0.79
8,CHIKV,2021,10,274.0,0.6
8,CHIKV,2021,11,274.0,0.6
8,CHIKV,2021,12,196.0,0.43
8,CHIKV,2022,1,231.0,0.51
8,CHIKV,2022,2,329.0,0.72
8,CHIKV,2022,3,505.0,1.1
8,CHIKV,2022,4,502.0,1.1
8,CHIKV,2022,5,1114.0,2.44
8,CHIKV,2022,6,498.0,1.09
8,CHIKV,2022,7,406.0,0.89
8,CHIKV,2022,8,324.0,0.71
8,CHIKV,2022,9,238.0,0.52
8,CHIKV,2022,10,269.0,0.59
8,CHIKV,2022,11,261.0,0.57
8,CHIKV,2022,12,273.0,0.6
8,CHIKV,2023,1,399.0,0.87
8,CHIKV,2023,2,590.0,1.29
8,CHIKV,2023,3,1212.0,2.64
8,CHIKV,2023,4,1568.0,3.42
8,CHIKV,2023,5,2049.0,4.47
8,CHIKV,2023,6,959.0,2.09
8,CHIKV,2023,7,507.0,1.11
8,CHIKV,2023,8,417.0,0.91
8,CHIKV,2023,9,358.0,0.78
8,CHIKV,2023,10,371.0,0.81
8,CHIKV,2023,11,449.0,0.98
8,CHIKV,2023,12,1080.0,2.36
8,CHIKV,2024,1,1718.0,3.74
8,CHIKV,2024,2,3163.0,6.88
8,CHIKV,2024,3,4458.0,9.7
8,CHIKV,2024,4,4784.0,10.41
8,CHIKV,2024,5,5150.0,11.2
8,CHIKV,2024,6,3145.0,6.84
8,CHIKV,2024,7,1833.0,3.99
8,CHIKV,2024,8,1152.0,2.51
8,CHIKV,2024,9,1095.0,2.38
8,CHIKV,2024,10,1135.0,2.47
8,CHIKV,2024,11,1634.0,3.55
8,CHIKV,2024,12,2066.0,4.49
8,CHIKV,2025,1,5893.0,12.79
8,CHIKV,2025,2,4955.0,10.75
8,CHIKV,2025,3,3539.0,7.68
8,CHIKV,2025,4,2347.0,5.09
8,CHIKV,2025,5,2005.0,4.35
8,CHIKV,2025,6,1460.0,3.17
8,CHIKV,2025,7,1020.0,2.21
8,CHIKV,2025,8,695.0,1.51
8,CHIKV,2025,9,759.0,1.65
8,CHIKV,2025,10,909.0,1.97
8,CHIKV,2025,11,966.0,2.1
8,CHIKV,2025,12,918.0,1.99
9,CHIKV,2017,1,583.0,3.41
9,CHIKV,2017,2,554.0,3.24
9,CHIKV,2017,3,602.0,3.52
9,CHIKV,2017,4,588.0,3.44
9,CHIKV,2017,5,654.0,3.82
9,CHIKV,2017,6,615.0,3.6
9,CHIKV,2017,7,690.0,4.03
9,CHIKV,2017,8,495.0,2.89
9,CHIKV,2017,9,288.0,1.68
9,CHIKV,2017,10,306.0,1.79
9,CHIKV,2017,11,247.0,1.44
9,CHIKV,2017,12,337.0,1.97
9,CHIKV,2018,1,735.0,4.29
9,CHIKV,2018,2,1786.0,10.41
9,CHIKV,2018,3,5172.0,30.16
9,CHIKV,2018,4,8833.0,51.51
9,CHIKV,2018,5,9016.0,52.57
9,CHIKV,2018,6,5792.0,33.77
9,CHIKV,2018,7,4713.0,27.48
9,CHIKV,2018,8,2725.0,15.89
9,CHIKV,2018,9,1532.0,8.93
9,CHIKV,2018,10,1618.0,9.43
9,CHIKV,2018,11,1412.0,8.23
9,CHIKV,2018,12,2071.0,12.08
9,CHIKV,2019,1,3604.0,20.96
9,CHIKV,2019,2,4205.0,24.46
9,CHIKV,2019,3,7593.0,44.16
9,CHIKV,2019,4,20231.0,117.66
9,CHIKV,2019,5,28236.0,164.22
9,CHIKV,2019,6,15695.0,91.28
9,CHIKV,2019,7,9759.0,56.76
9,CHIKV,2019,8,4056.0,23.59
9,CHIKV,2019,9,1874.0,10.9
9,CHIKV,2019,10,1760.0,10.24
9,CHIKV,2019,11,1307.0,7.6
9,CHIKV,2019,12,1070.0,6.22
9,CHIKV,2020,1,1342.0,7.79
9,CHIKV,2020,2,1314.0,7.63
9,CHIKV,2020,3,998.0,5.79
9,CHIKV,2020,4,379.0,2.2
9,CHIKV,2020,5,312.0,1.81
9,CHIKV,2020,6,247.0,1.43
9,CHIKV,2020,7,211.0,1.23
9,CHIKV,2020,8,130.0,0.75
9,CHIKV,2020,9,138.0,0.8
9,CHIKV,2020,10,92.0,0.53
9,CHIKV,2020,11,124.0,0.72
9,CHIKV,2020,12,110.0,0.64
9,CHIKV,2021,1,70.0,0.41
9,CHIKV,2021,2,64.0,0.37
9,CHIKV,2021,3,123.0,0.71
9,CHIKV,2021,4,120.0,0.7
9,CHIKV,2021,5,179.0,1.04
9,CHIKV,2021,6,135.0,0.78
9,CHIKV,2021,7,115.0,0.67
9,CHIKV,2021,8,107.0,0.62
9,CHIKV,2021,9,84.0,0.49
9,CHIKV,2021,10,52.0,0.3
9,CHIKV,2021,11,57.0,0.33
9,CHIKV,2021,12,59.0,0.34
9,CHIKV,2022,1,43.0,0.25
9,CHIKV,2022,2,81.0,0.47
9,CHIKV,2022,3,141.0,0.82
9,CHIKV,2022,4,182.0,1.06
9,CHIKV,2022,5,298.0,1.73
9,CHIKV,2022,6,200.0,1.16
9,CHIKV,2022,7,135.0,0.78
9,CHIKV,2022,8,111.0,0.64
9,CHIKV,2022,9,85.0,0.49
9,CHIKV,2022,10,127.0,0.74
9,CHIKV,2022,11,123.0,0.71
9,CHIKV,2022,12,147.0,0.85
9,CHIKV,2023,1,215.0,1.25
9,CHIKV,2023,2,394.0,2.29
9,CHIKV,2023,3,697.0,4.05
9,CHIKV,2023,4,296.0,1.72
9,CHIKV,2023,5,368.0,2.14
9,CHIKV,2023,6,274.0,1.59
9,CHIKV,2023,7,188.0,1.09
9,CHIKV,2023,8,177.0,1.03
9,CHIKV,2023,9,183.0,1.06
9,CHIKV,2023,10,182.0,1.06
9,CHIKV,2023,11,188.0,1.09
9,CHIKV,2023,12,254.0,1.48
9,CHIKV,2024,1,824.0,4.79
9,CHIKV,2024,2,1458.0,8.47
9,CHIKV,2024,3,1053.0,6.12
9,CHIKV,2024,4,962.0,5.59
9,CHIKV,2024,5,781.0,4.54
9,CHIKV,2024,6,463.0,2.69
9,CHIKV,2024,7,307.0,1.78
9,CHIKV,2024,8,163.0,0.95
9,CHIKV,2024,9,168.0,0.98
9,CHIKV,2024,10,162.0,0.94
9,CHIKV,2024,11,510.0,2.96
9,CHIKV,2024,12,287.0,1.67
9,CHIKV,2025,1,479.0,2.78
9,CHIKV,2025,2,1031.0,5.99
9,CHIKV,2025,3,555.0,3.22
9,CHIKV,2025,4,542.0,3.15
9,CHIKV,2025,5,516.0,3.0
9,CHIKV,2025,6,333.0,1.93
9,CHIKV,2025,7,177.0,1.03
9,CHIKV,2025,8,120.0,0.7
9,CHIKV,2025,9,138.0,0.8
9,CHIKV,2025,10,128.0,0.74
9,CHIKV,2025,11,102.0,0.59
9,CHIKV,2025,12,125.0,0.73
10,CHIKV,2017,1,160.0,4.1
10,CHIKV,2017,2,124.0,3.18
10,CHIKV,2017,3,302.0,7.73
10,CHIKV,2017,4,300.0,7.68
10,CHIKV,2017,5,236.0,6.04
10,CHIKV,2017,6,124.0,3.18
10,CHIKV,2017,7,97.0,2.48
10,CHIKV,2017,8,82.0,2.1
10,CHIKV,2017,9,70.0,1.79
10,CHIKV,2017,10,51.0,1.31
10,CHIKV,2017,11,65.0,1.66
10,CHIKV,2017,12,82.0,2.1
10,CHIKV,2018,1,94.0,2.39
10,CHIKV,2018,2,82.0,2.08
10,CHIKV,2018,3,129.0,3.28
10,CHIKV,2018,4,212.0,5.38
10,CHIKV,2018,5,155.0,3.94
10,CHIKV,2018,6,198.0,5.03
10,CHIKV,2018,7,191.0,4.85
10,CHIKV,2018,8,170.0,4.32
10,CHIKV,2018,9,70.0,1.78
10,CHIKV,2018,10,97.0,2.46
10,CHIKV,2018,11,50.0,1.27
10,CHIKV,2018,12,52.0,1.32
10,CHIKV,2019,1,232.0,5.84
10,CHIKV,2019,2,156.0,3.93
10,CHIKV,2019,3,151.0,3.8
10,CHIKV,2019,4,195.0,4.91
10,CHIKV,2019,5,471.0,11.86
10,CHIKV,2019,6,407.0,10.25
10,CHIKV,2019,7,477.0,12.02
10,CHIKV,2019,8,336.0,8.46
10,CHIKV,2019,9,194.0,4.89
10,CHIKV,2019,10,192.0,4.84
10,CHIKV,2019,11,198.0,4.99
10,CHIKV,2019,12,593.0,14.94
10,CHIKV,2020,1,2045.0,51.11
10,CHIKV,2020,2,2847.0,71.15
10,CHIKV,2020,3,2919.0,72.95
10,CHIKV,2020,4,3076.0,76.87
10,CHIKV,2020,5,2554.0,63.83
10,CHIKV,2020,6,1099.0,27.46
10,CHIKV,2020,7,611.0,15.27
10,CHIKV,2020,8,352.0,8.8
10,CHIKV,2020,9,279.0,6.97
10,CHIKV,2020,10,222.0,5.55
10,CHIKV,2020,11,229.0,5.72
10,CHIKV,2020,12,409.0,10.22
10,CHIKV,2021,1,272.0,6.75
10,CHIKV,2021,2,271.0,6.73
10,CHIKV,2021,3,434.0,10.78
10,CHIKV,2021,4,385.0,9.56
10,CHIKV,2021,5,392.0,9.73
10,CHIKV,2021,6,422.0,10.48
10,CHIKV,2021,7,262.0,6.51
10,CHIKV,2021,8,193.0,4.79
10,CHIKV,2021,9,139.0,3.45
10,CHIKV,2021,10,93.0,2.31
10,CHIKV,2021,11,113.0,2.81
10,CHIKV,2021,12,132.0,3.28
10,CHIKV,2022,1,198.0,4.89
10,CHIKV,2022,2,137.0,3.38
10,CHIKV,2022,3,430.0,10.61
10,CHIKV,2022,4,513.0,12.66
10,CHIKV,2022,5,523.0,12.91
10,CHIKV,2022,6,266.0,6.57
10,CHIKV,2022,7,192.0,4.74
10,CHIKV,2022,8,175.0,4.32
10,CHIKV,2022,9,83.0,2.05
10,CHIKV,2022,10,139.0,3.43
10,CHIKV,2022,11,173.0,4.27
10,CHIKV,2022,12,262.0,6.47
10,CHIKV,2023,1,697.0,17.1
10,CHIKV,2023,2,1592.0,39.06
10,CHIKV,2023,3,3065.0,75.2
10,CHIKV,2023,4,2528.0,62.02
10,CHIKV,2023,5,2229.0,54.69
10,CHIKV,2023,6,2053.0,50.37
10,CHIKV,2023,7,1520.0,37.29
10,CHIKV,2023,8,1452.0,35.62
10,CHIKV,2023,9,920.0,22.57
10,CHIKV,2023,10,1118.0,27.43
10,CHIKV,2023,11,631.0,15.48
10,CHIKV,2023,12,444.0,10.89
10,CHIKV,2024,1,1380.0,33.64
10,CHIKV,2024,2,2127.0,51.85
10,CHIKV,2024,3,4420.0,107.75
10,CHIKV,2024,4,4493.0,109.53
10,CHIKV,2024,5,3383.0,82.47
10,CHIKV,2024,6,2226.0,54.26
10,CHIKV,2024,7,1612.0,39.3
10,CHIKV,2024,8,849.0,20.7
10,CHIKV,2024,9,603.0,14.7
10,CHIKV,2024,10,572.0,13.94
10,CHIKV,2024,11,481.0,11.73
10,CHIKV,2024,12,837.0,20.4
10,CHIKV,2025,1,901.0,21.83
10,CHIKV,2025,2,604.0,14.64
10,CHIKV,2025,3,561.0,13.59
10,CHIKV,2025,4,681.0,16.5
10,CHIKV,2025,5,643.0,15.58
10,CHIKV,2025,6,534.0,12.94
10,CHIKV,2025,7,469.0,11.36
10,CHIKV,2025,8,299.0,7.25
10,CHIKV,2025,9,348.0,8.43
10,CHIKV,2025,10,402.0,9.74
10,CHIKV,2025,11,287.0,6.95
10,CHIKV,2025,12,300.0,7.27
11,CHIKV,2017,1,574.0,2.77
11,CHIKV,2017,2,3100.0,14.98
11,CHIKV,2017,3,7554.0,36.5
11,CHIKV,2017,4,4220.0,20.39
11,CHIKV,2017,5,1974.0,9.54
11,CHIKV,2017,6,1199.0,5.79
11,CHIKV,2017,7,708.0,3.42
11,CHIKV,2017,8,370.0,1.79
11,CHIKV,2017,9,257.0,1.24
11,CHIKV,2017,10,284.0,1.37
11,CHIKV,2017,11,276.0,1.33
11,CHIKV,2017,12,337.0,1.63
11,CHIKV,2018,1,992.0,4.77
11,CHIKV,2018,2,929.0,4.47
11,CHIKV,2018,3,2588.0,12.44
11,CHIKV,2018,4,4208.0,20.23
11,CHIKV,2018,5,2697.0,12.97
11,CHIKV,2018,6,822.0,3.95
11,CHIKV,2018,7,389.0,1.87
11,CHIKV,2018,8,213.0,1.02
11,CHIKV,2018,9,135.0,0.65
11,CHIKV,2018,10,167.0,0.8
11,CHIKV,2018,11,166.0,0.8
11,CHIKV,2018,12,155.0,0.75
11,CHIKV,2019,1,351.0,1.68
11,CHIKV,2019,2,457.0,2.18
11,CHIKV,2019,3,668.0,3.19
11,CHIKV,2019,4,986.0,4.71
11,CHIKV,2019,5,1050.0,5.02
11,CHIKV,2019,6,534.0,2.55
11,CHIKV,2019,7,289.0,1.38
11,CHIKV,2019,8,160.0,0.76
11,CHIKV,2019,9,159.0,0.76
11,CHIKV,2019,10,144.0,0.69
11,CHIKV,2019,11,125.0,0.6
11,CHIKV,2019,12,127.0,0.61
11,CHIKV,2020,1,288.0,1.37
11,CHIKV,2020,2,395.0,1.88
11,CHIKV,2020,3,466.0,2.22
11,CHIKV,2020,4,578.0,2.75
11,CHIKV,2020,5,769.0,3.66
11,CHIKV,2020,6,461.0,2.19
11,CHIKV,2020,7,292.0,1.39
11,CHIKV,2020,8,158.0,0.75
11,CHIKV,2020,9,198.0,0.94
11,CHIKV,2020,10,223.0,1.06
11,CHIKV,2020,11,349.0,1.66
11,CHIKV,2020,12,859.0,4.08
11,CHIKV,2021,1,505.0,2.39
11,CHIKV,2021,2,522.0,2.47
11,CHIKV,2021,3,1331.0,6.3
11,CHIKV,2021,4,1454.0,6.89
11,CHIKV,2021,5,1533.0,7.26
11,CHIKV,2021,6,1099.0,5.2
11,CHIKV,2021,7,443.0,2.1
11,CHIKV,2021,8,250.0,1.18
11,CHIKV,2021,9,161.0,0.76
11,CHIKV,2021,10,110.0,0.52
11,CHIKV,2021,11,142.0,0.67
11,CHIKV,2021,12,173.0,0.82
11,CHIKV,2022,1,354.0,1.67
11,CHIKV,2022,2,505.0,2.38
11,CHIKV,2022,3,2057.0,9.71
11,CHIKV,2022,4,3206.0,15.14
11,CHIKV,2022,5,2570.0,12.14
11,CHIKV,2022,6,1065.0,5.03
11,CHIKV,2022,7,501.0,2.37
11,CHIKV,2022,8,292.0,1.38
11,CHIKV,2022,9,294.0,1.39
11,CHIKV,2022,10,283.0,1.34
11,CHIKV,2022,11,732.0,3.46
11,CHIKV,2022,12,5189.0,24.5
11,CHIKV,2023,1,13630.0,64.15
11,CHIKV,2023,2,22643.0,106.57
11,CHIKV,2023,3,26205.0,123.33
11,CHIKV,2023,4,23573.0,110.95
11,CHIKV,2023,5,17369.0,81.75
11,CHIKV,2023,6,7410.0,34.87
11,CHIKV,2023,7,2935.0,13.81
11,CHIKV,2023,8,1388.0,6.53
11,CHIKV,2023,9,1099.0,5.17
11,CHIKV,2023,10,1770.0,8.33
11,CHIKV,2023,11,3765.0,17.72
11,CHIKV,2023,12,8639.0,40.66
11,CHIKV,2024,1,29766.0,139.6
11,CHIKV,2024,2,54183.0,254.11
11,CHIKV,2024,3,49251.0,230.98
11,CHIKV,2024,4,28242.0,132.45
11,CHIKV,2024,5,17595.0,82.52
11,CHIKV,2024,6,7571.0,35.51
11,CHIKV,2024,7,3839.0,18.0
11,CHIKV,2024,8,1611.0,7.56
11,CHIKV,2024,9,1225.0,5.75
11,CHIKV,2024,10,1035.0,4.85
11,CHIKV,2024,11,1193.0,5.59
11,CHIKV,2024,12,1457.0,6.83
11,CHIKV,2025,1,3566.0,16.67
11,CHIKV,2025,2,5287.0,24.71
11,CHIKV,2025,3,4872.0,22.77
11,CHIKV,2025,4,4172.0,19.5
11,CHIKV,2025,5,3344.0,15.63
11,CHIKV,2025,6,1584.0,7.4
11,CHIKV,2025,7,803.0,3.75
11,CHIKV,2025,8,587.0,2.74
11,CHIKV,2025,9,812.0,3.8
11,CHIKV,2025,10,865.0,4.04
11,CHIKV,2025,11,890.0,4.16
11,CHIKV,2025,12,855.0,4.0
12,CHIKV,2017,1,2379.0,16.32
12,CHIKV,2017,2,1825.0,12.52
12,CHIKV,2017,3,1993.0,13.67
12,CHIKV,2017,4,936.0,6.42
12,CHIKV,2017,5,1050.0,7.2
12,CHIKV,2017,6,1315.0,9.02
12,CHIKV,2017,7,806.0,5.53
12,CHIKV,2017,8,507.0,3.48
12,CHIKV,2017,9,288.0,1.98
12,CHIKV,2017,10,153.0,1.05
12,CHIKV,2017,11,171.0,1.17
12,CHIKV,2017,12,127.0,0.87
12,CHIKV,2018,1,242.0,1.65
12,CHIKV,2018,2,243.0,1.66
12,CHIKV,2018,3,610.0,4.17
12,CHIKV,2018,4,559.0,3.82
12,CHIKV,2018,5,714.0,4.88
12,CHIKV,2018,6,687.0,4.69
12,CHIKV,2018,7,347.0,2.37
12,CHIKV,2018,8,532.0,3.64
12,CHIKV,2018,9,241.0,1.65
12,CHIKV,2018,10,175.0,1.2
12,CHIKV,2018,11,108.0,0.74
12,CHIKV,2018,12,89.0,0.61
12,CHIKV,2019,1,173.0,1.18
12,CHIKV,2019,2,238.0,1.62
12,CHIKV,2019,3,216.0,1.47
12,CHIKV,2019,4,583.0,3.97
12,CHIKV,2019,5,1403.0,9.55
12,CHIKV,2019,6,2073.0,14.11
12,CHIKV,2019,7,2669.0,18.16
12,CHIKV,2019,8,1774.0,12.07
12,CHIKV,2019,9,1236.0,8.41
12,CHIKV,2019,10,1156.0,7.87
12,CHIKV,2019,11,983.0,6.69
12,CHIKV,2019,12,676.0,4.6
12,CHIKV,2020,1,997.0,6.76
12,CHIKV,2020,2,1766.0,11.97
12,CHIKV,2020,3,3343.0,22.67
12,CHIKV,2020,4,7637.0,51.78
12,CHIKV,2020,5,11604.0,78.68
12,CHIKV,2020,6,9461.0,64.15
12,CHIKV,2020,7,5993.0,40.63
12,CHIKV,2020,8,2301.0,15.6
12,CHIKV,2020,9,1285.0,8.71
12,CHIKV,2020,10,1000.0,6.78
12,CHIKV,2020,11,761.0,5.16
12,CHIKV,2020,12,490.0,3.32
12,CHIKV,2021,1,753.0,5.09
12,CHIKV,2021,2,1730.0,11.7
12,CHIKV,2021,3,4141.0,28.0
12,CHIKV,2021,4,2923.0,19.77
12,CHIKV,2021,5,3091.0,20.9
12,CHIKV,2021,6,2015.0,13.63
12,CHIKV,2021,7,1041.0,7.04
12,CHIKV,2021,8,468.0,3.16
12,CHIKV,2021,9,275.0,1.86
12,CHIKV,2021,10,223.0,1.51
12,CHIKV,2021,11,236.0,1.6
12,CHIKV,2021,12,1015.0,6.86
12,CHIKV,2022,1,1541.0,10.4
12,CHIKV,2022,2,2794.0,18.86
12,CHIKV,2022,3,5500.0,37.13
12,CHIKV,2022,4,4727.0,31.91
12,CHIKV,2022,5,4495.0,30.35
12,CHIKV,2022,6,1963.0,13.25
12,CHIKV,2022,7,868.0,5.86
12,CHIKV,2022,8,678.0,4.58
12,CHIKV,2022,9,466.0,3.15
12,CHIKV,2022,10,394.0,2.66
12,CHIKV,2022,11,535.0,3.61
12,CHIKV,2022,12,1129.0,7.62
12,CHIKV,2023,1,1982.0,13.37
12,CHIKV,2023,2,2864.0,19.31
12,CHIKV,2023,3,3742.0,25.23
12,CHIKV,2023,4,3159.0,21.3
12,CHIKV,2023,5,3856.0,26.0
12,CHIKV,2023,6,2409.0,16.25
12,CHIKV,2023,7,1700.0,11.46
12,CHIKV,2023,8,1079.0,7.28
12,CHIKV,2023,9,626.0,4.22
12,CHIKV,2023,10,613.0,4.13
12,CHIKV,2023,11,627.0,4.23
12,CHIKV,2023,12,529.0,3.57
12,CHIKV,2024,1,833.0,5.61
12,CHIKV,2024,2,3960.0,26.67
12,CHIKV,2024,3,9647.0,64.96
12,CHIKV,2024,4,6394.0,43.06
12,CHIKV,2024,5,3283.0,22.11
12,CHIKV,2024,6,1409.0,9.49
12,CHIKV,2024,7,796.0,5.36
12,CHIKV,2024,8,542.0,3.65
12,CHIKV,2024,9,402.0,2.71
12,CHIKV,2024,10,281.0,1.89
12,CHIKV,2024,11,315.0,2.12
12,CHIKV,2024,12,272.0,1.83
12,CHIKV,2025,1,553.0,3.72
12,CHIKV,2025,2,557.0,3.75
12,CHIKV,2025,3,594.0,3.99
12,CHIKV,2025,4,710.0,4.77
12,CHIKV,2025,5,566.0,3.81
12,CHIKV,2025,6,346.0,2.33
12,CHIKV,2025,7,305.0,2.05
12,CHIKV,2025,8,246.0,1.65
12,CHIKV,2025,9,282.0,1.9
12,CHIKV,2025,10,229.0,1.54
12,CHIKV,2025,11,183.0,1.23
12,CHIKV,2025,12,161.0,1.08
13,CHIKV,2017,1,119.0,5.38
13,CHIKV,2017,2,56.0,2.53
13,CHIKV,2017,3,97.0,4.38
13,CHIKV,2017,4,120.0,5.42
13,CHIKV,2017,5,249.0,11.25
13,CHIKV,2017,6,45.0,2.03
13,CHIKV,2017,7,37.0,1.67
13,CHIKV,2017,8,17.0,0.77
13,CHIKV,2017,9,29.0,1.31
13,CHIKV,2017,10,15.0,0.68
13,CHIKV,2017,11,10.0,0.45
13,CHIKV,2017,12,8.0,0.36
13,CHIKV,2018,1,4.0,0.18
13,CHIKV,2018,2,8.0,0.36
13,CHIKV,2018,3,8.0,0.36
13,CHIKV,2018,4,6.0,0.27
13,CHIKV,2018,5,17.0,0.76
13,CHIKV,2018,6,11.0,0.49
13,CHIKV,2018,7,4.0,0.18
13,CHIKV,2018,8,8.0,0.36
13,CHIKV,2018,9,6.0,0.27
13,CHIKV,2018,10,8.0,0.36
13,CHIKV,2018,11,5.0,0.22
13,CHIKV,2018,12,10.0,0.45
13,CHIKV,2019,1,10.0,0.45
13,CHIKV,2019,2,16.0,0.71
13,CHIKV,2019,3,20.0,0.89
13,CHIKV,2019,4,13.0,0.58
13,CHIKV,2019,5,60.0,2.68
13,CHIKV,2019,6,65.0,2.9
13,CHIKV,2019,7,127.0,5.67
13,CHIKV,2019,8,163.0,7.27
13,CHIKV,2019,9,107.0,4.77
13,CHIKV,2019,10,48.0,2.14
13,CHIKV,2019,11,69.0,3.08
13,CHIKV,2019,12,16.0,0.71
13,CHIKV,2020,1,14.0,0.62
13,CHIKV,2020,2,5.0,0.22
13,CHIKV,2020,3,37.0,1.64
13,CHIKV,2020,4,39.0,1.73
13,CHIKV,2020,5,133.0,5.9
13,CHIKV,2020,6,517.0,22.93
13,CHIKV,2020,7,1089.0,48.31
13,CHIKV,2020,8,1327.0,58.87
13,CHIKV,2020,9,897.0,39.79
13,CHIKV,2020,10,548.0,24.31
13,CHIKV,2020,11,226.0,10.03
13,CHIKV,2020,12,140.0,6.21
13,CHIKV,2021,1,92.0,4.06
13,CHIKV,2021,2,178.0,7.86
13,CHIKV,2021,3,205.0,9.05
13,CHIKV,2021,4,147.0,6.49
13,CHIKV,2021,5,319.0,14.08
13,CHIKV,2021,6,581.0,25.65
13,CHIKV,2021,7,924.0,40.8
13,CHIKV,2021,8,1101.0,48.61
13,CHIKV,2021,9,835.0,36.87
13,CHIKV,2021,10,610.0,26.93
13,CHIKV,2021,11,414.0,18.28
13,CHIKV,2021,12,378.0,16.69
13,CHIKV,2022,1,219.0,9.63
13,CHIKV,2022,2,392.0,17.24
13,CHIKV,2022,3,583.0,25.64
13,CHIKV,2022,4,767.0,33.74
13,CHIKV,2022,5,1142.0,50.23
13,CHIKV,2022,6,1169.0,51.42
13,CHIKV,2022,7,1174.0,51.64
13,CHIKV,2022,8,1193.0,52.47
13,CHIKV,2022,9,661.0,29.07
13,CHIKV,2022,10,412.0,18.12
13,CHIKV,2022,11,394.0,17.33
13,CHIKV,2022,12,280.0,12.32
13,CHIKV,2023,1,344.0,15.07
13,CHIKV,2023,2,299.0,13.1
13,CHIKV,2023,3,489.0,21.43
13,CHIKV,2023,4,531.0,23.27
13,CHIKV,2023,5,695.0,30.46
13,CHIKV,2023,6,483.0,21.17
13,CHIKV,2023,7,516.0,22.61
13,CHIKV,2023,8,578.0,25.33
13,CHIKV,2023,9,290.0,12.71
13,CHIKV,2023,10,211.0,9.25
13,CHIKV,2023,11,145.0,6.35
13,CHIKV,2023,12,127.0,5.57
13,CHIKV,2024,1,142.0,6.2
13,CHIKV,2024,2,402.0,17.55
13,CHIKV,2024,3,630.0,27.5
13,CHIKV,2024,4,478.0,20.86
13,CHIKV,2024,5,254.0,11.09
13,CHIKV,2024,6,168.0,7.33
13,CHIKV,2024,7,149.0,6.5
13,CHIKV,2024,8,98.0,4.28
13,CHIKV,2024,9,87.0,3.8
13,CHIKV,2024,10,54.0,2.36
13,CHIKV,2024,11,39.0,1.7
13,CHIKV,2024,12,34.0,1.48
13,CHIKV,2025,1,82.0,3.57
13,CHIKV,2025,2,49.0,2.13
13,CHIKV,2025,3,83.0,3.61
13,CHIKV,2025,4,67.0,2.91
13,CHIKV,2025,5,115.0,5.0
13,CHIKV,2025,6,134.0,5.83
13,CHIKV,2025,7,87.0,3.78
13,CHIKV,2025,8,90.0,3.91
13,CHIKV,2025,9,149.0,6.48
13,CHIKV,2025,10,193.0,8.39
13,CHIKV,2025,11,114.0,4.96
13,CHIKV,2025,12,72.0,3.13
14,CHIKV,2017,1,123.0,3.85
14,CHIKV,2017,2,52.0,1.63
14,CHIKV,2017,3,66.0,2.07
14,CHIKV,2017,4,65.0,2.04
14,CHIKV,2017,5,61.0,1.91
14,CHIKV,2017,6,46.0,1.44
14,CHIKV,2017,7,70.0,2.19
14,CHIKV,2017,8,57.0,1.79
14,CHIKV,2017,9,37.0,1.16
14,CHIKV,2017,10,29.0,0.91
14,CHIKV,2017,11,29.0,0.91
14,CHIKV,2017,12,31.0,0.97
14,CHIKV,2018,1,33.0,1.03
14,CHIKV,2018,2,25.0,0.78
14,CHIKV,2018,3,21.0,0.66
14,CHIKV,2018,4,34.0,1.06
14,CHIKV,2018,5,17.0,0.53
14,CHIKV,2018,6,41.0,1.28
14,CHIKV,2018,7,60.0,1.87
14,CHIKV,2018,8,54.0,1.69
14,CHIKV,2018,9,28.0,0.87
14,CHIKV,2018,10,29.0,0.91
14,CHIKV,2018,11,28.0,0.87
14,CHIKV,2018,12,54.0,1.69
14,CHIKV,2019,1,24.0,0.75
14,CHIKV,2019,2,40.0,1.25
14,CHIKV,2019,3,82.0,2.56
14,CHIKV,2019,4,142.0,4.43
14,CHIKV,2019,5,431.0,13.43
14,CHIKV,2019,6,516.0,16.08
14,CHIKV,2019,7,627.0,19.54
14,CHIKV,2019,8,289.0,9.01
14,CHIKV,2019,9,186.0,5.8
14,CHIKV,2019,10,84.0,2.62
14,CHIKV,2019,11,35.0,1.09
14,CHIKV,2019,12,19.0,0.59
14,CHIKV,2020,1,11.0,0.34
14,CHIKV,2020,2,9.0,0.28
14,CHIKV,2020,3,14.0,0.44
14,CHIKV,2020,4,26.0,0.81
14,CHIKV,2020,5,27.0,0.84
14,CHIKV,2020,6,31.0,0.96
14,CHIKV,2020,7,51.0,1.59
14,CHIKV,2020,8,37.0,1.15
14,CHIKV,2020,9,25.0,0.78
14,CHIKV,2020,10,27.0,0.84
14,CHIKV,2020,11,14.0,0.44
14,CHIKV,2020,12,8.0,0.25
14,CHIKV,2021,1,4.0,0.12
14,CHIKV,2021,2,11.0,0.34
14,CHIKV,2021,3,13.0,0.4
14,CHIKV,2021,4,9.0,0.28
14,CHIKV,2021,5,27.0,0.84
14,CHIKV,2021,6,72.0,2.24
14,CHIKV,2021,7,144.0,4.48
14,CHIKV,2021,8,167.0,5.19
14,CHIKV,2021,9,102.0,3.17
14,CHIKV,2021,10,71.0,2.21
14,CHIKV,2021,11,133.0,4.13
14,CHIKV,2021,12,71.0,2.21
14,CHIKV,2022,1,23.0,0.71
14,CHIKV,2022,2,118.0,3.67
14,CHIKV,2022,3,80.0,2.49
14,CHIKV,2022,4,568.0,17.65
14,CHIKV,2022,5,2169.0,67.39
14,CHIKV,2022,6,2717.0,84.42
14,CHIKV,2022,7,3096.0,96.2
14,CHIKV,2022,8,1776.0,55.18
14,CHIKV,2022,9,784.0,24.36
14,CHIKV,2022,10,428.0,13.3
14,CHIKV,2022,11,294.0,9.14
14,CHIKV,2022,12,202.0,6.28
14,CHIKV,2023,1,122.0,3.79
14,CHIKV,2023,2,104.0,3.23
14,CHIKV,2023,3,111.0,3.45
14,CHIKV,2023,4,146.0,4.54
14,CHIKV,2023,5,127.0,3.95
14,CHIKV,2023,6,103.0,3.2
14,CHIKV,2023,7,116.0,3.6
14,CHIKV,2023,8,78.0,2.42
14,CHIKV,2023,9,46.0,1.43
14,CHIKV,2023,10,39.0,1.21
14,CHIKV,2023,11,29.0,0.9
14,CHIKV,2023,12,23.0,0.71
14,CHIKV,2024,1,39.0,1.21
14,CHIKV,2024,2,83.0,2.58
14,CHIKV,2024,3,95.0,2.95
14,CHIKV,2024,4,69.0,2.14
14,CHIKV,2024,5,89.0,2.76
14,CHIKV,2024,6,71.0,2.2
14,CHIKV,2024,7,69.0,2.14
14,CHIKV,2024,8,53.0,1.65
14,CHIKV,2024,9,40.0,1.24
14,CHIKV,2024,10,28.0,0.87
14,CHIKV,2024,11,23.0,0.71
14,CHIKV,2024,12,17.0,0.53
14,CHIKV,2025,1,53.0,1.65
14,CHIKV,2025,2,18.0,0.56
14,CHIKV,2025,3,69.0,2.14
14,CHIKV,2025,4,116.0,3.6
14,CHIKV,2025,5,180.0,5.59
14,CHIKV,2025,6,231.0,7.17
14,CHIKV,2025,7,950.0,29.5
14,CHIKV,2025,8,1222.0,37.94
14,CHIKV,2025,9,873.0,27.1
14,CHIKV,2025,10,650.0,20.18
14,CHIKV,2025,11,222.0,6.89
14,CHIKV,2025,12,199.0,6.18
15,CHIKV,2017,1,528.0,5.67
15,CHIKV,2017,2,469.0,5.04
15,CHIKV,2017,3,519.0,5.58
15,CHIKV,2017,4,554.0,5.95
15,CHIKV,2017,5,768.0,8.25
15,CHIKV,2017,6,522.0,5.61
15,CHIKV,2017,7,415.0,4.46
15,CHIKV,2017,8,468.0,5.03
15,CHIKV,2017,9,425.0,4.57
15,CHIKV,2017,10,383.0,4.12
15,CHIKV,2017,11,257.0,2.76
15,CHIKV,2017,12,235.0,2.53
15,CHIKV,2018,1,301.0,3.22
15,CHIKV,2018,2,190.0,2.03
15,CHIKV,2018,3,300.0,3.21
15,CHIKV,2018,4,466.0,4.98
15,CHIKV,2018,5,489.0,5.23
15,CHIKV,2018,6,334.0,3.57
15,CHIKV,2018,7,350.0,3.74
15,CHIKV,2018,8,364.0,3.89
15,CHIKV,2018,9,268.0,2.87
15,CHIKV,2018,10,220.0,2.35
15,CHIKV,2018,11,197.0,2.11
15,CHIKV,2018,12,179.0,1.91
15,CHIKV,2019,1,244.0,2.6
15,CHIKV,2019,2,384.0,4.09
15,CHIKV,2019,3,543.0,5.78
15,CHIKV,2019,4,1292.0,13.75
15,CHIKV,2019,5,1705.0,18.15
15,CHIKV,2019,6,1167.0,12.42
15,CHIKV,2019,7,943.0,10.04
15,CHIKV,2019,8,791.0,8.42
15,CHIKV,2019,9,645.0,6.86
15,CHIKV,2019,10,591.0,6.29
15,CHIKV,2019,11,421.0,4.48
15,CHIKV,2019,12,236.0,2.51
15,CHIKV,2020,1,282.0,2.99
15,CHIKV,2020,2,335.0,3.55
15,CHIKV,2020,3,305.0,3.23
15,CHIKV,2020,4,269.0,2.85
15,CHIKV,2020,5,611.0,6.47
15,CHIKV,2020,6,905.0,9.59
15,CHIKV,2020,7,1795.0,19.02
15,CHIKV,2020,8,1392.0,14.75
15,CHIKV,2020,9,1115.0,11.81
15,CHIKV,2020,10,697.0,7.38
15,CHIKV,2020,11,544.0,5.76
15,CHIKV,2020,12,353.0,3.74
15,CHIKV,2021,1,318.0,3.36
15,CHIKV,2021,2,657.0,6.94
15,CHIKV,2021,3,1123.0,11.86
15,CHIKV,2021,4,2062.0,21.77
15,CHIKV,2021,5,5849.0,61.76
15,CHIKV,2021,6,8686.0,91.72
15,CHIKV,2021,7,7030.0,74.23
15,CHIKV,2021,8,4467.0,47.17
15,CHIKV,2021,9,2517.0,26.58
15,CHIKV,2021,10,1695.0,17.9
15,CHIKV,2021,11,1181.0,12.47
15,CHIKV,2021,12,904.0,9.55
15,CHIKV,2022,1,546.0,5.75
15,CHIKV,2022,2,1650.0,17.38
15,CHIKV,2022,3,4798.0,50.54
15,CHIKV,2022,4,7904.0,83.26
15,CHIKV,2022,5,8923.0,94.0
15,CHIKV,2022,6,4447.0,46.84
15,CHIKV,2022,7,2506.0,26.4
15,CHIKV,2022,8,1954.0,20.58
15,CHIKV,2022,9,908.0,9.56
15,CHIKV,2022,10,656.0,6.91
15,CHIKV,2022,11,727.0,7.66
15,CHIKV,2022,12,496.0,5.22
15,CHIKV,2023,1,499.0,5.24
15,CHIKV,2023,2,604.0,6.35
15,CHIKV,2023,3,1151.0,12.1
15,CHIKV,2023,4,1051.0,11.05
15,CHIKV,2023,5,879.0,9.24
15,CHIKV,2023,6,461.0,4.85
15,CHIKV,2023,7,546.0,5.74
15,CHIKV,2023,8,517.0,5.43
15,CHIKV,2023,9,418.0,4.39
15,CHIKV,2023,10,393.0,4.13
15,CHIKV,2023,11,502.0,5.28
15,CHIKV,2023,12,432.0,4.54
15,CHIKV,2024,1,463.0,4.85
15,CHIKV,2024,2,1626.0,17.05
15,CHIKV,2024,3,3607.0,37.81
15,CHIKV,2024,4,2954.0,30.97
15,CHIKV,2024,5,1632.0,17.11
15,CHIKV,2024,6,1261.0,13.22
15,CHIKV,2024,7,1169.0,12.25
15,CHIKV,2024,8,970.0,10.17
15,CHIKV,2024,9,661.0,6.93
15,CHIKV,2024,10,526.0,5.51
15,CHIKV,2024,11,370.0,3.88
15,CHIKV,2024,12,299.0,3.13
15,CHIKV,2025,1,492.0,5.15
15,CHIKV,2025,2,571.0,5.97
15,CHIKV,2025,3,630.0,6.59
15,CHIKV,2025,4,857.0,8.96
15,CHIKV,2025,5,679.0,7.1
15,CHIKV,2025,6,628.0,6.57
15,CHIKV,2025,7,713.0,7.46
15,CHIKV,2025,8,740.0,7.74
15,CHIKV,2025,9,819.0,8.57
15,CHIKV,2025,10,659.0,6.89
15,CHIKV,2025,11,507.0,5.3
15,CHIKV,2025,12,363.0,3.8
16,CHIKV,2017,1,139.0,3.49
16,CHIKV,2017,2,99.0,2.49
16,CHIKV,2017,3,139.0,3.49
16,CHIKV,2017,4,126.0,3.16
16,CHIKV,2017,5,197.0,4.95
16,CHIKV,2017,6,336.0,8.44
16,CHIKV,2017,7,262.0,6.58
16,CHIKV,2017,8,257.0,6.45
16,CHIKV,2017,9,160.0,4.02
16,CHIKV,2017,10,110.0,2.76
16,CHIKV,2017,11,86.0,2.16
16,CHIKV,2017,12,81.0,2.03
16,CHIKV,2018,1,116.0,2.89
16,CHIKV,2018,2,66.0,1.65
16,CHIKV,2018,3,144.0,3.59
16,CHIKV,2018,4,126.0,3.14
16,CHIKV,2018,5,191.0,4.76
16,CHIKV,2018,6,244.0,6.09
16,CHIKV,2018,7,233.0,5.81
16,CHIKV,2018,8,115.0,2.87
16,CHIKV,2018,9,91.0,2.27
16,CHIKV,2018,10,67.0,1.67
16,CHIKV,2018,11,49.0,1.22
16,CHIKV,2018,12,46.0,1.15
16,CHIKV,2019,1,77.0,1.91
16,CHIKV,2019,2,93.0,2.3
16,CHIKV,2019,3,108.0,2.67
16,CHIKV,2019,4,275.0,6.81
16,CHIKV,2019,5,345.0,8.54
16,CHIKV,2019,6,218.0,5.4
16,CHIKV,2019,7,171.0,4.23
16,CHIKV,2019,8,200.0,4.95
16,CHIKV,2019,9,155.0,3.84
16,CHIKV,2019,10,220.0,5.45
16,CHIKV,2019,11,121.0,3.0
16,CHIKV,2019,12,76.0,1.88
16,CHIKV,2020,1,90.0,2.21
16,CHIKV,2020,2,53.0,1.3
16,CHIKV,2020,3,74.0,1.82
16,CHIKV,2020,4,90.0,2.21
16,CHIKV,2020,5,192.0,4.72
16,CHIKV,2020,6,289.0,7.11
16,CHIKV,2020,7,611.0,15.03
16,CHIKV,2020,8,406.0,9.99
16,CHIKV,2020,9,265.0,6.52
16,CHIKV,2020,10,130.0,3.2
16,CHIKV,2020,11,102.0,2.51
16,CHIKV,2020,12,80.0,1.97
16,CHIKV,2021,1,135.0,3.3
16,CHIKV,2021,2,680.0,16.63
16,CHIKV,2021,3,398.0,9.74
16,CHIKV,2021,4,569.0,13.92
16,CHIKV,2021,5,1130.0,27.64
16,CHIKV,2021,6,1758.0,43.01
16,CHIKV,2021,7,2433.0,59.52
16,CHIKV,2021,8,1745.0,42.69
16,CHIKV,2021,9,1406.0,34.4
16,CHIKV,2021,10,991.0,24.24
16,CHIKV,2021,11,596.0,14.58
16,CHIKV,2021,12,504.0,12.33
16,CHIKV,2022,1,404.0,9.84
16,CHIKV,2022,2,986.0,24.01
16,CHIKV,2022,3,2668.0,64.98
16,CHIKV,2022,4,3847.0,93.69
16,CHIKV,2022,5,5442.0,132.54
16,CHIKV,2022,6,3648.0,88.85
16,CHIKV,2022,7,3432.0,83.58
16,CHIKV,2022,8,2163.0,52.68
16,CHIKV,2022,9,908.0,22.11
16,CHIKV,2022,10,468.0,11.4
16,CHIKV,2022,11,263.0,6.41
16,CHIKV,2022,12,113.0,2.75
16,CHIKV,2023,1,132.0,3.2
16,CHIKV,2023,2,162.0,3.93
16,CHIKV,2023,3,284.0,6.89
16,CHIKV,2023,4,349.0,8.46
16,CHIKV,2023,5,318.0,7.71
16,CHIKV,2023,6,181.0,4.39
16,CHIKV,2023,7,152.0,3.69
16,CHIKV,2023,8,152.0,3.69
16,CHIKV,2023,9,133.0,3.22
16,CHIKV,2023,10,128.0,3.1
16,CHIKV,2023,11,95.0,2.3
16,CHIKV,2023,12,115.0,2.79
16,CHIKV,2024,1,120.0,2.9
16,CHIKV,2024,2,494.0,11.92
16,CHIKV,2024,3,1690.0,40.77
16,CHIKV,2024,4,1191.0,28.73
16,CHIKV,2024,5,557.0,13.44
16,CHIKV,2024,6,287.0,6.92
16,CHIKV,2024,7,407.0,9.82
16,CHIKV,2024,8,312.0,7.53
16,CHIKV,2024,9,179.0,4.32
16,CHIKV,2024,10,183.0,4.41
16,CHIKV,2024,11,157.0,3.79
16,CHIKV,2024,12,99.0,2.39
16,CHIKV,2025,1,275.0,6.6
16,CHIKV,2025,2,680.0,16.33
16,CHIKV,2025,3,548.0,13.16
16,CHIKV,2025,4,374.0,8.98
16,CHIKV,2025,5,378.0,9.08
16,CHIKV,2025,6,254.0,6.1
16,CHIKV,2025,7,239.0,5.74
16,CHIKV,2025,8,230.0,5.52
16,CHIKV,2025,9,250.0,6.0
16,CHIKV,2025,10,244.0,5.86
16,CHIKV,2025,11,141.0,3.39
16,CHIKV,2025,12,108.0,2.59
17,CHIKV,2017,1,148.0,4.41
17,CHIKV,2017,2,221.0,6.58
17,CHIKV,2017,3,205.0,6.1
17,CHIKV,2017,4,174.0,5.18
17,CHIKV,2017,5,214.0,6.37
17,CHIKV,2017,6,370.0,11.01
17,CHIKV,2017,7,300.0,8.93
17,CHIKV,2017,8,300.0,8.93
17,CHIKV,2017,9,165.0,4.91
17,CHIKV,2017,10,148.0,4.41
17,CHIKV,2017,11,121.0,3.6
17,CHIKV,2017,12,88.0,2.62
17,CHIKV,2018,1,188.0,5.57
17,CHIKV,2018,2,162.0,4.8
17,CHIKV,2018,3,303.0,8.98
17,CHIKV,2018,4,302.0,8.95
17,CHIKV,2018,5,472.0,13.98
17,CHIKV,2018,6,315.0,9.33
17,CHIKV,2018,7,850.0,25.18
17,CHIKV,2018,8,512.0,15.17
17,CHIKV,2018,9,265.0,7.85
17,CHIKV,2018,10,129.0,3.82
17,CHIKV,2018,11,123.0,3.64
17,CHIKV,2018,12,93.0,2.76
17,CHIKV,2019,1,87.0,2.56
17,CHIKV,2019,2,100.0,2.95
17,CHIKV,2019,3,282.0,8.31
17,CHIKV,2019,4,715.0,21.08
17,CHIKV,2019,5,2203.0,64.94
17,CHIKV,2019,6,2519.0,74.25
17,CHIKV,2019,7,3428.0,101.05
17,CHIKV,2019,8,2817.0,83.04
17,CHIKV,2019,9,1714.0,50.52
17,CHIKV,2019,10,1066.0,31.42
17,CHIKV,2019,11,377.0,11.11
17,CHIKV,2019,12,183.0,5.39
17,CHIKV,2020,1,222.0,6.51
17,CHIKV,2020,2,292.0,8.57
17,CHIKV,2020,3,501.0,14.7
17,CHIKV,2020,4,678.0,19.9
17,CHIKV,2020,5,1029.0,30.2
17,CHIKV,2020,6,1666.0,48.89
17,CHIKV,2020,7,1565.0,45.93
17,CHIKV,2020,8,884.0,25.94
17,CHIKV,2020,9,379.0,11.12
17,CHIKV,2020,10,211.0,6.19
17,CHIKV,2020,11,143.0,4.2
17,CHIKV,2020,12,126.0,3.7
17,CHIKV,2021,1,57.0,1.67
17,CHIKV,2021,2,128.0,3.74
17,CHIKV,2021,3,497.0,14.53
17,CHIKV,2021,4,919.0,26.88
17,CHIKV,2021,5,1024.0,29.95
17,CHIKV,2021,6,948.0,27.72
17,CHIKV,2021,7,618.0,18.07
17,CHIKV,2021,8,458.0,13.39
17,CHIKV,2021,9,314.0,9.18
17,CHIKV,2021,10,226.0,6.61
17,CHIKV,2021,11,340.0,9.94
17,CHIKV,2021,12,394.0,11.52
17,CHIKV,2022,1,227.0,6.62
17,CHIKV,2022,2,370.0,10.79
17,CHIKV,2022,3,1097.0,32.0
17,CHIKV,2022,4,1930.0,56.3
17,CHIKV,2022,5,4517.0,131.77
17,CHIKV,2022,6,4433.0,129.32
17,CHIKV,2022,7,2686.0,78.36
17,CHIKV,2022,8,2246.0,65.52
17,CHIKV,2022,9,1039.0,30.31
17,CHIKV,2022,10,467.0,13.62
17,CHIKV,2022,11,343.0,10.01
17,CHIKV,2022,12,199.0,5.81
17,CHIKV,2023,1,359.0,10.45
17,CHIKV,2023,2,311.0,9.05
17,CHIKV,2023,3,410.0,11.93
17,CHIKV,2023,4,807.0,23.48
17,CHIKV,2023,5,464.0,13.5
17,CHIKV,2023,6,338.0,9.84
17,CHIKV,2023,7,218.0,6.34
17,CHIKV,2023,8,192.0,5.59
17,CHIKV,2023,9,151.0,4.39
17,CHIKV,2023,10,157.0,4.57
17,CHIKV,2023,11,123.0,3.58
17,CHIKV,2023,12,107.0,3.11
17,CHIKV,2024,1,210.0,6.09
17,CHIKV,2024,2,658.0,19.09
17,CHIKV,2024,3,1933.0,56.09
17,CHIKV,2024,4,1215.0,35.26
17,CHIKV,2024,5,601.0,17.44
17,CHIKV,2024,6,357.0,10.36
17,CHIKV,2024,7,406.0,11.78
17,CHIKV,2024,8,284.0,8.24
17,CHIKV,2024,9,149.0,4.32
17,CHIKV,2024,10,128.0,3.71
17,CHIKV,2024,11,89.0,2.58
17,CHIKV,2024,12,80.0,2.32
17,CHIKV,2025,1,187.0,5.41
17,CHIKV,2025,2,213.0,6.16
17,CHIKV,2025,3,389.0,11.26
17,CHIKV,2025,4,504.0,14.59
17,CHIKV,2025,5,398.0,11.52
17,CHIKV,2025,6,346.0,10.01
17,CHIKV,2025,7,565.0,16.35
17,CHIKV,2025,8,646.0,18.7
17,CHIKV,2025,9,650.0,18.81
17,CHIKV,2025,10,408.0,11.81
17,CHIKV,2025,11,217.0,6.28
17,CHIKV,2025,12,146.0,4.23
18,CHIKV,2017,1,2172.0,24.34
18,CHIKV,2017,2,4025.0,45.1
18,CHIKV,2017,3,15172.0,170.01
18,CHIKV,2017,4,38068.0,426.57
18,CHIKV,2017,5,47174.0,528.61
18,CHIKV,2017,6,18472.0,206.99
18,CHIKV,2017,7,7869.0,88.18
18,CHIKV,2017,8,3568.0,39.98
18,CHIKV,2017,9,1871.0,20.97
18,CHIKV,2017,10,832.0,9.32
18,CHIKV,2017,11,698.0,7.82
18,CHIKV,2017,12,485.0,5.43
18,CHIKV,2018,1,629.0,7.01
18,CHIKV,2018,2,667.0,7.43
18,CHIKV,2018,3,893.0,9.95
18,CHIKV,2018,4,1042.0,11.61
18,CHIKV,2018,5,540.0,6.02
18,CHIKV,2018,6,445.0,4.96
18,CHIKV,2018,7,382.0,4.26
18,CHIKV,2018,8,313.0,3.49
18,CHIKV,2018,9,229.0,2.55
18,CHIKV,2018,10,191.0,2.13
18,CHIKV,2018,11,161.0,1.79
18,CHIKV,2018,12,120.0,1.34
18,CHIKV,2019,1,190.0,2.1
18,CHIKV,2019,2,426.0,4.71
18,CHIKV,2019,3,616.0,6.82
18,CHIKV,2019,4,1207.0,13.36
18,CHIKV,2019,5,1170.0,12.95
18,CHIKV,2019,6,801.0,8.86
18,CHIKV,2019,7,402.0,4.45
18,CHIKV,2019,8,363.0,4.02
18,CHIKV,2019,9,217.0,2.4
18,CHIKV,2019,10,166.0,1.84
18,CHIKV,2019,11,112.0,1.24
18,CHIKV,2019,12,102.0,1.13
18,CHIKV,2020,1,189.0,2.08
18,CHIKV,2020,2,432.0,4.75
18,CHIKV,2020,3,423.0,4.65
18,CHIKV,2020,4,360.0,3.96
18,CHIKV,2020,5,449.0,4.94
18,CHIKV,2020,6,397.0,4.37
18,CHIKV,2020,7,506.0,5.57
18,CHIKV,2020,8,348.0,3.83
18,CHIKV,2020,9,210.0,2.31
18,CHIKV,2020,10,126.0,1.39
18,CHIKV,2020,11,167.0,1.84
18,CHIKV,2020,12,113.0,1.24
18,CHIKV,2021,1,77.0,0.84
18,CHIKV,2021,2,176.0,1.93
18,CHIKV,2021,3,309.0,3.38
18,CHIKV,2021,4,413.0,4.52
18,CHIKV,2021,5,617.0,6.76
18,CHIKV,2021,6,777.0,8.51
18,CHIKV,2021,7,1084.0,11.87
18,CHIKV,2021,8,611.0,6.69
18,CHIKV,2021,9,296.0,3.24
18,CHIKV,2021,10,208.0,2.28
18,CHIKV,2021,11,270.0,2.96
18,CHIKV,2021,12,512.0,5.61
18,CHIKV,2022,1,517.0,5.64
18,CHIKV,2022,2,3250.0,35.47
18,CHIKV,2022,3,9291.0,101.4
18,CHIKV,2022,4,13530.0,147.66
18,CHIKV,2022,5,21052.0,229.75
18,CHIKV,2022,6,16580.0,180.95
18,CHIKV,2022,7,7724.0,84.3
18,CHIKV,2022,8,4238.0,46.25
18,CHIKV,2022,9,1963.0,21.42
18,CHIKV,2022,10,936.0,10.22
18,CHIKV,2022,11,723.0,7.89
18,CHIKV,2022,12,491.0,5.36
18,CHIKV,2023,1,558.0,6.07
18,CHIKV,2023,2,951.0,10.34
18,CHIKV,2023,3,1859.0,20.21
18,CHIKV,2023,4,1549.0,16.84
18,CHIKV,2023,5,1516.0,16.48
18,CHIKV,2023,6,990.0,10.76
18,CHIKV,2023,7,681.0,7.4
18,CHIKV,2023,8,445.0,4.84
18,CHIKV,2023,9,284.0,3.09
18,CHIKV,2023,10,239.0,2.6
18,CHIKV,2023,11,181.0,1.97
18,CHIKV,2023,12,145.0,1.58
18,CHIKV,2024,1,277.0,3.0
18,CHIKV,2024,2,1045.0,11.32
18,CHIKV,2024,3,2055.0,22.26
18,CHIKV,2024,4,2391.0,25.89
18,CHIKV,2024,5,1378.0,14.92
18,CHIKV,2024,6,739.0,8.0
18,CHIKV,2024,7,572.0,6.19
18,CHIKV,2024,8,474.0,5.13
18,CHIKV,2024,9,264.0,2.86
18,CHIKV,2024,10,218.0,2.36
18,CHIKV,2024,11,244.0,2.64
18,CHIKV,2024,12,145.0,1.57
18,CHIKV,2025,1,296.0,3.19
18,CHIKV,2025,2,519.0,5.6
18,CHIKV,2025,3,710.0,7.66
18,CHIKV,2025,4,1108.0,11.95
18,CHIKV,2025,5,1180.0,12.73
18,CHIKV,2025,6,576.0,6.21
18,CHIKV,2025,7,399.0,4.3
18,CHIKV,2025,8,376.0,4.06
18,CHIKV,2025,9,264.0,2.85
18,CHIKV,2025,10,204.0,2.2
18,CHIKV,2025,11,205.0,2.21
18,CHIKV,2025,12,180.0,1.94
19,CHIKV,2017,1,53.0,1.61
19,CHIKV,2017,2,69.0,2.1
19,CHIKV,2017,3,228.0,6.94
19,CHIKV,2017,4,520.0,15.83
19,CHIKV,2017,5,1625.0,49.46
19,CHIKV,2017,6,2072.0,63.06
19,CHIKV,2017,7,1828.0,55.63
19,CHIKV,2017,8,1002.0,30.5
19,CHIKV,2017,9,443.0,13.48
19,CHIKV,2017,10,165.0,5.02
19,CHIKV,2017,11,100.0,3.04
19,CHIKV,2017,12,85.0,2.59
19,CHIKV,2018,1,106.0,3.21
19,CHIKV,2018,2,101.0,3.06
19,CHIKV,2018,3,97.0,2.94
19,CHIKV,2018,4,95.0,2.88
19,CHIKV,2018,5,106.0,3.21
19,CHIKV,2018,6,90.0,2.73
19,CHIKV,2018,7,125.0,3.79
19,CHIKV,2018,8,76.0,2.3
19,CHIKV,2018,9,40.0,1.21
19,CHIKV,2018,10,49.0,1.48
19,CHIKV,2018,11,20.0,0.61
19,CHIKV,2018,12,24.0,0.73
19,CHIKV,2019,1,45.0,1.36
19,CHIKV,2019,2,55.0,1.66
19,CHIKV,2019,3,111.0,3.34
19,CHIKV,2019,4,224.0,6.75
19,CHIKV,2019,5,305.0,9.19
19,CHIKV,2019,6,195.0,5.87
19,CHIKV,2019,7,156.0,4.7
19,CHIKV,2019,8,49.0,1.48
19,CHIKV,2019,9,26.0,0.78
19,CHIKV,2019,10,23.0,0.69
19,CHIKV,2019,11,22.0,0.66
19,CHIKV,2019,12,15.0,0.45
19,CHIKV,2020,1,21.0,0.63
19,CHIKV,2020,2,16.0,0.48
19,CHIKV,2020,3,36.0,1.08
19,CHIKV,2020,4,28.0,0.84
19,CHIKV,2020,5,35.0,1.05
19,CHIKV,2020,6,52.0,1.56
19,CHIKV,2020,7,40.0,1.2
19,CHIKV,2020,8,19.0,0.57
19,CHIKV,2020,9,9.0,0.27
19,CHIKV,2020,10,12.0,0.36
19,CHIKV,2020,11,7.0,0.21
19,CHIKV,2020,12,9.0,0.27
19,CHIKV,2021,1,13.0,0.39
19,CHIKV,2021,2,11.0,0.33
19,CHIKV,2021,3,9.0,0.27
19,CHIKV,2021,4,34.0,1.02
19,CHIKV,2021,5,86.0,2.57
19,CHIKV,2021,6,96.0,2.87
19,CHIKV,2021,7,76.0,2.27
19,CHIKV,2021,8,87.0,2.6
19,CHIKV,2021,9,49.0,1.46
19,CHIKV,2021,10,3.0,0.09
19,CHIKV,2021,11,7.0,0.21
19,CHIKV,2021,12,9.0,0.27
19,CHIKV,2022,1,63.0,1.88
19,CHIKV,2022,2,282.0,8.4
19,CHIKV,2022,3,1647.0,49.06
19,CHIKV,2022,4,3748.0,111.65
19,CHIKV,2022,5,3674.0,109.44
19,CHIKV,2022,6,1705.0,50.79
19,CHIKV,2022,7,604.0,17.99
19,CHIKV,2022,8,220.0,6.55
19,CHIKV,2022,9,142.0,4.23
19,CHIKV,2022,10,71.0,2.11
19,CHIKV,2022,11,67.0,2.0
19,CHIKV,2022,12,77.0,2.29
19,CHIKV,2023,1,207.0,6.15
19,CHIKV,2023,2,486.0,14.44
19,CHIKV,2023,3,1050.0,31.2
19,CHIKV,2023,4,1106.0,32.86
19,CHIKV,2023,5,1035.0,30.75
19,CHIKV,2023,6,699.0,20.77
19,CHIKV,2023,7,342.0,10.16
19,CHIKV,2023,8,161.0,4.78
19,CHIKV,2023,9,61.0,1.81
19,CHIKV,2023,10,29.0,0.86
19,CHIKV,2023,11,27.0,0.8
19,CHIKV,2023,12,35.0,1.04
19,CHIKV,2024,1,40.0,1.18
19,CHIKV,2024,2,157.0,4.65
19,CHIKV,2024,3,312.0,9.24
19,CHIKV,2024,4,204.0,6.04
19,CHIKV,2024,5,219.0,6.49
19,CHIKV,2024,6,180.0,5.33
19,CHIKV,2024,7,82.0,2.43
19,CHIKV,2024,8,27.0,0.8
19,CHIKV,2024,9,32.0,0.95
19,CHIKV,2024,10,30.0,0.89
19,CHIKV,2024,11,15.0,0.44
19,CHIKV,2024,12,24.0,0.71
19,CHIKV,2025,1,49.0,1.45
19,CHIKV,2025,2,80.0,2.36
19,CHIKV,2025,3,117.0,3.46
19,CHIKV,2025,4,203.0,6.0
19,CHIKV,2025,5,172.0,5.08
19,CHIKV,2025,6,107.0,3.16
19,CHIKV,2025,7,60.0,1.77
19,CHIKV,2025,8,43.0,1.27
19,CHIKV,2025,9,69.0,2.04
19,CHIKV,2025,10,35.0,1.03
19,CHIKV,2025,11,24.0,0.71
19,CHIKV,2025,12,26.0,0.77
20,CHIKV,2017,1,373.0,5.41
20,CHIKV,2017,2,963.0,13.98
20,CHIKV,2017,3,2012.0,29.2
20,CHIKV,2017,4,1782.0,25.86
20,CHIKV,2017,5,1341.0,19.46
20,CHIKV,2017,6,594.0,8.62
20,CHIKV,2017,7,347.0,5.04
20,CHIKV,2017,8,224.0,3.25
20,CHIKV,2017,9,135.0,1.96
20,CHIKV,2017,10,77.0,1.12
20,CHIKV,2017,11,83.0,1.2
20,CHIKV,2017,12,40.0,0.58
20,CHIKV,2018,1,136.0,1.97
20,CHIKV,2018,2,76.0,1.1
20,CHIKV,2018,3,118.0,1.71
20,CHIKV,2018,4,109.0,1.58
20,CHIKV,2018,5,238.0,3.44
20,CHIKV,2018,6,50.0,0.72
20,CHIKV,2018,7,47.0,0.68
20,CHIKV,2018,8,50.0,0.72
20,CHIKV,2018,9,37.0,0.53
20,CHIKV,2018,10,26.0,0.38
20,CHIKV,2018,11,39.0,0.56
20,CHIKV,2018,12,26.0,0.38
20,CHIKV,2019,1,59.0,0.85
20,CHIKV,2019,2,78.0,1.12
20,CHIKV,2019,3,230.0,3.31
20,CHIKV,2019,4,227.0,3.27
20,CHIKV,2019,5,160.0,2.3
20,CHIKV,2019,6,65.0,0.94
20,CHIKV,2019,7,45.0,0.65
20,CHIKV,2019,8,42.0,0.6
20,CHIKV,2019,9,19.0,0.27
20,CHIKV,2019,10,26.0,0.37
20,CHIKV,2019,11,14.0,0.2
20,CHIKV,2019,12,11.0,0.16
20,CHIKV,2020,1,26.0,0.37
20,CHIKV,2020,2,40.0,0.57
20,CHIKV,2020,3,41.0,0.59
20,CHIKV,2020,4,44.0,0.63
20,CHIKV,2020,5,14.0,0.2
20,CHIKV,2020,6,15.0,0.22
20,CHIKV,2020,7,13.0,0.19
20,CHIKV,2020,8,14.0,0.2
20,CHIKV,2020,9,12.0,0.17
20,CHIKV,2020,10,6.0,0.09
20,CHIKV,2020,11,8.0,0.11
20,CHIKV,2020,12,11.0,0.16
20,CHIKV,2021,1,14.0,0.2
20,CHIKV,2021,2,8.0,0.11
20,CHIKV,2021,3,7.0,0.1
20,CHIKV,2021,4,5.0,0.07
20,CHIKV,2021,5,13.0,0.19
20,CHIKV,2021,6,14.0,0.2
20,CHIKV,2021,7,19.0,0.27
20,CHIKV,2021,8,14.0,0.2
20,CHIKV,2021,9,15.0,0.21
20,CHIKV,2021,10,29.0,0.41
20,CHIKV,2021,11,22.0,0.31
20,CHIKV,2021,12,114.0,1.63
20,CHIKV,2022,1,102.0,1.46
20,CHIKV,2022,2,78.0,1.11
20,CHIKV,2022,3,361.0,5.16
20,CHIKV,2022,4,465.0,6.64
20,CHIKV,2022,5,537.0,7.67
20,CHIKV,2022,6,550.0,7.86
20,CHIKV,2022,7,410.0,5.86
20,CHIKV,2022,8,351.0,5.02
20,CHIKV,2022,9,222.0,3.17
20,CHIKV,2022,10,163.0,2.33
20,CHIKV,2022,11,88.0,1.26
20,CHIKV,2022,12,99.0,1.41
20,CHIKV,2023,1,175.0,2.5
20,CHIKV,2023,2,308.0,4.4
20,CHIKV,2023,3,725.0,10.35
20,CHIKV,2023,4,618.0,8.82
20,CHIKV,2023,5,786.0,11.22
20,CHIKV,2023,6,505.0,7.21
20,CHIKV,2023,7,470.0,6.71
20,CHIKV,2023,8,347.0,4.95
20,CHIKV,2023,9,145.0,2.07
20,CHIKV,2023,10,71.0,1.01
20,CHIKV,2023,11,69.0,0.99
20,CHIKV,2023,12,51.0,0.73
20,CHIKV,2024,1,70.0,1.0
20,CHIKV,2024,2,315.0,4.49
20,CHIKV,2024,3,709.0,10.11
20,CHIKV,2024,4,665.0,9.49
20,CHIKV,2024,5,281.0,4.01
20,CHIKV,2024,6,145.0,2.07
20,CHIKV,2024,7,91.0,1.3
20,CHIKV,2024,8,85.0,1.21
20,CHIKV,2024,9,67.0,0.96
20,CHIKV,2024,10,49.0,0.7
20,CHIKV,2024,11,62.0,0.88
20,CHIKV,2024,12,78.0,1.11
20,CHIKV,2025,1,146.0,2.08
20,CHIKV,2025,2,189.0,2.69
20,CHIKV,2025,3,226.0,3.22
20,CHIKV,2025,4,224.0,3.19
20,CHIKV,2025,5,244.0,3.48
20,CHIKV,2025,6,122.0,1.74
20,CHIKV,2025,7,97.0,1.38
20,CHIKV,2025,8,90.0,1.28
20,CHIKV,2025,9,87.0,1.24
20,CHIKV,2025,10,61.0,0.87
20,CHIKV,2025,11,40.0,0.57
20,CHIKV,2025,12,49.0,0.7
21,CHIKV,2017,1,418.0,27.89
21,CHIKV,2017,2,971.0,64.8
21,CHIKV,2017,3,1090.0,72.74
21,CHIKV,2017,4,912.0,60.86
21,CHIKV,2017,5,1346.0,89.82
21,CHIKV,2017,6,929.0,61.99
21,CHIKV,2017,7,400.0,26.69
21,CHIKV,2017,8,266.0,17.75
21,CHIKV,2017,9,113.0,7.54
21,CHIKV,2017,10,91.0,6.07
21,CHIKV,2017,11,102.0,6.81
21,CHIKV,2017,12,73.0,4.87
21,CHIKV,2018,1,123.0,8.14
21,CHIKV,2018,2,117.0,7.74
21,CHIKV,2018,3,134.0,8.86
21,CHIKV,2018,4,201.0,13.3
21,CHIKV,2018,5,154.0,10.19
21,CHIKV,2018,6,61.0,4.04
21,CHIKV,2018,7,59.0,3.9
21,CHIKV,2018,8,66.0,4.37
21,CHIKV,2018,9,39.0,2.58
21,CHIKV,2018,10,73.0,4.83
21,CHIKV,2018,11,119.0,7.87
21,CHIKV,2018,12,243.0,16.07
21,CHIKV,2019,1,349.0,22.88
21,CHIKV,2019,2,359.0,23.54
21,CHIKV,2019,3,315.0,20.65
21,CHIKV,2019,4,194.0,12.72
21,CHIKV,2019,5,151.0,9.9
21,CHIKV,2019,6,86.0,5.64
21,CHIKV,2019,7,40.0,2.62
21,CHIKV,2019,8,27.0,1.77
21,CHIKV,2019,9,34.0,2.23
21,CHIKV,2019,10,34.0,2.23
21,CHIKV,2019,11,56.0,3.67
21,CHIKV,2019,12,57.0,3.74
21,CHIKV,2020,1,52.0,3.38
21,CHIKV,2020,2,58.0,3.77
21,CHIKV,2020,3,58.0,3.77
21,CHIKV,2020,4,57.0,3.71
21,CHIKV,2020,5,36.0,2.34
21,CHIKV,2020,6,23.0,1.5
21,CHIKV,2020,7,20.0,1.3
21,CHIKV,2020,8,24.0,1.56
21,CHIKV,2020,9,21.0,1.37
21,CHIKV,2020,10,16.0,1.04
21,CHIKV,2020,11,18.0,1.17
21,CHIKV,2020,12,30.0,1.95
21,CHIKV,2021,1,19.0,1.23
21,CHIKV,2021,2,36.0,2.32
21,CHIKV,2021,3,66.0,4.26
21,CHIKV,2021,4,68.0,4.39
21,CHIKV,2021,5,117.0,7.56
21,CHIKV,2021,6,138.0,8.91
21,CHIKV,2021,7,99.0,6.39
21,CHIKV,2021,8,93.0,6.01
21,CHIKV,2021,9,40.0,2.58
21,CHIKV,2021,10,51.0,3.29
21,CHIKV,2021,11,111.0,7.17
21,CHIKV,2021,12,306.0,19.76
21,CHIKV,2022,1,321.0,20.61
21,CHIKV,2022,2,449.0,28.83
21,CHIKV,2022,3,792.0,50.85
21,CHIKV,2022,4,1497.0,96.11
21,CHIKV,2022,5,2258.0,144.97
21,CHIKV,2022,6,1744.0,111.97
21,CHIKV,2022,7,831.0,53.35
21,CHIKV,2022,8,427.0,27.41
21,CHIKV,2022,9,203.0,13.03
21,CHIKV,2022,10,149.0,9.57
21,CHIKV,2022,11,159.0,10.21
21,CHIKV,2022,12,309.0,19.84
21,CHIKV,2023,1,1448.0,92.39
21,CHIKV,2023,2,2917.0,186.13
21,CHIKV,2023,3,2519.0,160.73
21,CHIKV,2023,4,1933.0,123.34
21,CHIKV,2023,5,1270.0,81.04
21,CHIKV,2023,6,518.0,33.05
21,CHIKV,2023,7,212.0,13.53
21,CHIKV,2023,8,139.0,8.87
21,CHIKV,2023,9,100.0,6.38
21,CHIKV,2023,10,104.0,6.64
21,CHIKV,2023,11,151.0,9.64
21,CHIKV,2023,12,140.0,8.93
21,CHIKV,2024,1,233.0,14.77
21,CHIKV,2024,2,564.0,35.76
21,CHIKV,2024,3,630.0,39.94
21,CHIKV,2024,4,1090.0,69.1
21,CHIKV,2024,5,656.0,41.59
21,CHIKV,2024,6,254.0,16.1
21,CHIKV,2024,7,84.0,5.33
21,CHIKV,2024,8,78.0,4.95
21,CHIKV,2024,9,61.0,3.87
21,CHIKV,2024,10,63.0,3.99
21,CHIKV,2024,11,76.0,4.82
21,CHIKV,2024,12,67.0,4.25
21,CHIKV,2025,1,149.0,9.39
21,CHIKV,2025,2,210.0,13.23
21,CHIKV,2025,3,187.0,11.78
21,CHIKV,2025,4,243.0,15.31
21,CHIKV,2025,5,256.0,16.13
21,CHIKV,2025,6,167.0,10.52
21,CHIKV,2025,7,128.0,8.07
21,CHIKV,2025,8,87.0,5.48
21,CHIKV,2025,9,48.0,3.02
21,CHIKV,2025,10,65.0,4.1
21,CHIKV,2025,11,53.0,3.34
21,CHIKV,2025,12,90.0,5.67
22,CHIKV,2017,1,59.0,7.71
22,CHIKV,2017,2,46.0,6.01
22,CHIKV,2017,3,102.0,13.32
22,CHIKV,2017,4,48.0,6.27
22,CHIKV,2017,5,68.0,8.88
22,CHIKV,2017,6,67.0,8.75
22,CHIKV,2017,7,56.0,7.31
22,CHIKV,2017,8,36.0,4.7
22,CHIKV,2017,9,58.0,7.58
22,CHIKV,2017,10,60.0,7.84
22,CHIKV,2017,11,36.0,4.7
22,CHIKV,2017,12,24.0,3.13
22,CHIKV,2018,1,37.0,4.79
22,CHIKV,2018,2,62.0,8.02
22,CHIKV,2018,3,66.0,8.54
22,CHIKV,2018,4,129.0,16.69
22,CHIKV,2018,5,83.0,10.74
22,CHIKV,2018,6,43.0,5.56
22,CHIKV,2018,7,32.0,4.14
22,CHIKV,2018,8,46.0,5.95
22,CHIKV,2018,9,26.0,3.36
22,CHIKV,2018,10,46.0,5.95
22,CHIKV,2018,11,28.0,3.62
22,CHIKV,2018,12,22.0,2.85
22,CHIKV,2019,1,19.0,2.44
22,CHIKV,2019,2,41.0,5.26
22,CHIKV,2019,3,44.0,5.64
22,CHIKV,2019,4,31.0,3.98
22,CHIKV,2019,5,15.0,1.92
22,CHIKV,2019,6,19.0,2.44
22,CHIKV,2019,7,3.0,0.38
22,CHIKV,2019,8,6.0,0.77
22,CHIKV,2019,9,1.0,0.13
22,CHIKV,2019,10,,
22,CHIKV,2019,11,10.0,1.28
22,CHIKV,2019,12,2.0,0.26
22,CHIKV,2020,1,4.0,0.51
22,CHIKV,2020,2,9.0,1.15
22,CHIKV,2020,3,3.0,0.38
22,CHIKV,2020,4,,
22,CHIKV,2020,5,,
22,CHIKV,2020,6,,
22,CHIKV,2020,7,2.0,0.25
22,CHIKV,2020,8,5.0,0.64
22,CHIKV,2020,9,3.0,0.38
22,CHIKV,2020,10,7.0,0.89
22,CHIKV,2020,11,4.0,0.51
22,CHIKV,2020,12,7.0,0.89
22,CHIKV,2021,1,8.0,1.01
22,CHIKV,2021,2,9.0,1.14
22,CHIKV,2021,3,9.0,1.14
22,CHIKV,2021,4,7.0,0.89
22,CHIKV,2021,5,7.0,0.89
22,CHIKV,2021,6,11.0,1.39
22,CHIKV,2021,7,17.0,2.15
22,CHIKV,2021,8,61.0,7.71
22,CHIKV,2021,9,36.0,4.55
22,CHIKV,2021,10,21.0,2.66
22,CHIKV,2021,11,7.0,0.89
22,CHIKV,2021,12,10.0,1.26
22,CHIKV,2022,1,11.0,1.38
22,CHIKV,2022,2,17.0,2.14
22,CHIKV,2022,3,18.0,2.26
22,CHIKV,2022,4,18.0,2.26
22,CHIKV,2022,5,41.0,5.15
22,CHIKV,2022,6,20.0,2.51
22,CHIKV,2022,7,9.0,1.13
22,CHIKV,2022,8,12.0,1.51
22,CHIKV,2022,9,8.0,1.01
22,CHIKV,2022,10,8.0,1.01
22,CHIKV,2022,11,4.0,0.5
22,CHIKV,2022,12,4.0,0.5
22,CHIKV,2023,1,3.0,0.38
22,CHIKV,2023,2,1.0,0.13
22,CHIKV,2023,3,9.0,1.13
22,CHIKV,2023,4,10.0,1.25
22,CHIKV,2023,5,18.0,2.25
22,CHIKV,2023,6,8.0,1.0
22,CHIKV,2023,7,12.0,1.5
22,CHIKV,2023,8,14.0,1.75
22,CHIKV,2023,9,5.0,0.63
22,CHIKV,2023,10,23.0,2.88
22,CHIKV,2023,11,22.0,2.75
22,CHIKV,2023,12,10.0,1.25
22,CHIKV,2024,1,115.0,14.32
22,CHIKV,2024,2,84.0,10.46
22,CHIKV,2024,3,111.0,13.83
22,CHIKV,2024,4,140.0,17.44
22,CHIKV,2024,5,98.0,12.21
22,CHIKV,2024,6,60.0,7.47
22,CHIKV,2024,7,98.0,12.21
22,CHIKV,2024,8,78.0,9.72
22,CHIKV,2024,9,21.0,2.62
22,CHIKV,2024,10,20.0,2.49
22,CHIKV,2024,11,18.0,2.24
22,CHIKV,2024,12,10.0,1.25
22,CHIKV,2025,1,80.0,9.92
22,CHIKV,2025,2,42.0,5.21
22,CHIKV,2025,3,26.0,3.22
22,CHIKV,2025,4,28.0,3.47
22,CHIKV,2025,5,9.0,1.12
22,CHIKV,2025,6,9.0,1.12
22,CHIKV,2025,7,10.0,1.24
22,CHIKV,2025,8,12.0,1.49
22,CHIKV,2025,9,19.0,2.36
22,CHIKV,2025,10,9.0,1.12
22,CHIKV,2025,11,1.0,0.12
22,CHIKV,2025,12,9.0,1.12
23,CHIKV,2017,1,1924.0,23.25
23,CHIKV,2017,2,2558.0,30.91
23,CHIKV,2017,3,1781.0,21.52
23,CHIKV,2017,4,1220.0,14.74
23,CHIKV,2017,5,945.0,11.42
23,CHIKV,2017,6,716.0,8.65
23,CHIKV,2017,7,589.0,7.12
23,CHIKV,2017,8,658.0,7.95
23,CHIKV,2017,9,399.0,4.82
23,CHIKV,2017,10,283.0,3.42
23,CHIKV,2017,11,418.0,5.05
23,CHIKV,2017,12,376.0,4.54
23,CHIKV,2018,1,720.0,8.63
23,CHIKV,2018,2,1057.0,12.67
23,CHIKV,2018,3,1547.0,18.55
23,CHIKV,2018,4,1440.0,17.27
23,CHIKV,2018,5,1277.0,15.31
23,CHIKV,2018,6,1048.0,12.57
23,CHIKV,2018,7,842.0,10.1
23,CHIKV,2018,8,1150.0,13.79
23,CHIKV,2018,9,990.0,11.87
23,CHIKV,2018,10,844.0,10.12
23,CHIKV,2018,11,789.0,9.46
23,CHIKV,2018,12,646.0,7.75
23,CHIKV,2019,1,816.0,9.71
23,CHIKV,2019,2,1267.0,15.08
23,CHIKV,2019,3,930.0,11.07
23,CHIKV,2019,4,785.0,9.34
23,CHIKV,2019,5,676.0,8.04
23,CHIKV,2019,6,418.0,4.97
23,CHIKV,2019,7,375.0,4.46
23,CHIKV,2019,8,255.0,3.03
23,CHIKV,2019,9,239.0,2.84
23,CHIKV,2019,10,163.0,1.94
23,CHIKV,2019,11,177.0,2.11
23,CHIKV,2019,12,160.0,1.9
23,CHIKV,2020,1,406.0,4.8
23,CHIKV,2020,2,469.0,5.54
23,CHIKV,2020,3,485.0,5.73
23,CHIKV,2020,4,177.0,2.09
23,CHIKV,2020,5,43.0,0.51
23,CHIKV,2020,6,56.0,0.66
23,CHIKV,2020,7,51.0,0.6
23,CHIKV,2020,8,46.0,0.54
23,CHIKV,2020,9,40.0,0.47
23,CHIKV,2020,10,42.0,0.5
23,CHIKV,2020,11,27.0,0.32
23,CHIKV,2020,12,42.0,0.5
23,CHIKV,2021,1,43.0,0.5
23,CHIKV,2021,2,86.0,1.01
23,CHIKV,2021,3,108.0,1.27
23,CHIKV,2021,4,100.0,1.17
23,CHIKV,2021,5,108.0,1.27
23,CHIKV,2021,6,99.0,1.16
23,CHIKV,2021,7,79.0,0.93
23,CHIKV,2021,8,65.0,0.76
23,CHIKV,2021,9,72.0,0.85
23,CHIKV,2021,10,44.0,0.52
23,CHIKV,2021,11,67.0,0.79
23,CHIKV,2021,12,75.0,0.88
23,CHIKV,2022,1,65.0,0.76
23,CHIKV,2022,2,103.0,1.2
23,CHIKV,2022,3,157.0,1.83
23,CHIKV,2022,4,200.0,2.33
23,CHIKV,2022,5,277.0,3.23
23,CHIKV,2022,6,146.0,1.7
23,CHIKV,2022,7,121.0,1.41
23,CHIKV,2022,8,117.0,1.37
23,CHIKV,2022,9,113.0,1.32
23,CHIKV,2022,10,87.0,1.02
23,CHIKV,2022,11,100.0,1.17
23,CHIKV,2022,12,97.0,1.13
23,CHIKV,2023,1,152.0,1.76
23,CHIKV,2023,2,146.0,1.69
23,CHIKV,2023,3,281.0,3.26
23,CHIKV,2023,4,268.0,3.11
23,CHIKV,2023,5,291.0,3.38
23,CHIKV,2023,6,225.0,2.61
23,CHIKV,2023,7,177.0,2.05
23,CHIKV,2023,8,236.0,2.74
23,CHIKV,2023,9,133.0,1.54
23,CHIKV,2023,10,130.0,1.51
23,CHIKV,2023,11,183.0,2.12
23,CHIKV,2023,12,153.0,1.78
23,CHIKV,2024,1,437.0,5.04
23,CHIKV,2024,2,1416.0,16.34
23,CHIKV,2024,3,1650.0,19.04
23,CHIKV,2024,4,1261.0,14.55
23,CHIKV,2024,5,688.0,7.94
23,CHIKV,2024,6,398.0,4.59
23,CHIKV,2024,7,298.0,3.44
23,CHIKV,2024,8,249.0,2.87
23,CHIKV,2024,9,169.0,1.95
23,CHIKV,2024,10,185.0,2.14
23,CHIKV,2024,11,132.0,1.52
23,CHIKV,2024,12,107.0,1.23
23,CHIKV,2025,1,311.0,3.57
23,CHIKV,2025,2,516.0,5.92
23,CHIKV,2025,3,411.0,4.72
23,CHIKV,2025,4,421.0,4.83
23,CHIKV,2025,5,304.0,3.49
23,CHIKV,2025,6,331.0,3.8
23,CHIKV,2025,7,233.0,2.67
23,CHIKV,2025,8,164.0,1.88
23,CHIKV,2025,9,166.0,1.91
23,CHIKV,2025,10,135.0,1.55
23,CHIKV,2025,11,129.0,1.48
23,CHIKV,2025,12,105.0,1.21
24,CHIKV,2017,1,77.0,13.65
24,CHIKV,2017,2,159.0,28.19
24,CHIKV,2017,3,319.0,56.56
24,CHIKV,2017,4,505.0,89.54
24,CHIKV,2017,5,1016.0,180.14
24,CHIKV,2017,6,1297.0,229.96
24,CHIKV,2017,7,1750.0,310.28
24,CHIKV,2017,8,1046.0,185.46
24,CHIKV,2017,9,308.0,54.61
24,CHIKV,2017,10,166.0,29.43
24,CHIKV,2017,11,77.0,13.65
24,CHIKV,2017,12,40.0,7.09
24,CHIKV,2018,1,40.0,6.81
24,CHIKV,2018,2,44.0,7.49
24,CHIKV,2018,3,53.0,9.02
24,CHIKV,2018,4,42.0,7.15
24,CHIKV,2018,5,60.0,10.21
24,CHIKV,2018,6,32.0,5.45
24,CHIKV,2018,7,59.0,10.04
24,CHIKV,2018,8,71.0,12.09
24,CHIKV,2018,9,29.0,4.94
24,CHIKV,2018,10,31.0,5.28
24,CHIKV,2018,11,17.0,2.89
24,CHIKV,2018,12,30.0,5.11
24,CHIKV,2019,1,38.0,6.15
24,CHIKV,2019,2,43.0,6.96
24,CHIKV,2019,3,27.0,4.37
24,CHIKV,2019,4,18.0,2.91
24,CHIKV,2019,5,27.0,4.37
24,CHIKV,2019,6,33.0,5.34
24,CHIKV,2019,7,47.0,7.6
24,CHIKV,2019,8,66.0,10.68
24,CHIKV,2019,9,74.0,11.97
24,CHIKV,2019,10,59.0,9.54
24,CHIKV,2019,11,50.0,8.09
24,CHIKV,2019,12,28.0,4.53
24,CHIKV,2020,1,20.0,3.12
24,CHIKV,2020,2,29.0,4.52
24,CHIKV,2020,3,18.0,2.81
24,CHIKV,2020,4,10.0,1.56
24,CHIKV,2020,5,9.0,1.4
24,CHIKV,2020,6,13.0,2.03
24,CHIKV,2020,7,10.0,1.56
24,CHIKV,2020,8,9.0,1.4
24,CHIKV,2020,9,8.0,1.25
24,CHIKV,2020,10,11.0,1.72
24,CHIKV,2020,11,4.0,0.62
24,CHIKV,2020,12,4.0,0.62
24,CHIKV,2021,1,7.0,1.07
24,CHIKV,2021,2,7.0,1.07
24,CHIKV,2021,3,20.0,3.05
24,CHIKV,2021,4,69.0,10.53
24,CHIKV,2021,5,46.0,7.02
24,CHIKV,2021,6,30.0,4.58
24,CHIKV,2021,7,36.0,5.5
24,CHIKV,2021,8,42.0,6.41
24,CHIKV,2021,9,30.0,4.58
24,CHIKV,2021,10,14.0,2.14
24,CHIKV,2021,11,20.0,3.05
24,CHIKV,2021,12,20.0,3.05
24,CHIKV,2022,1,9.0,1.34
24,CHIKV,2022,2,7.0,1.04
24,CHIKV,2022,3,13.0,1.93
24,CHIKV,2022,4,18.0,2.67
24,CHIKV,2022,5,32.0,4.75
24,CHIKV,2022,6,25.0,3.71
24,CHIKV,2022,7,35.0,5.2
24,CHIKV,2022,8,129.0,19.16
24,CHIKV,2022,9,95.0,14.11
24,CHIKV,2022,10,24.0,3.56
24,CHIKV,2022,11,26.0,3.86
24,CHIKV,2022,12,29.0,4.31
24,CHIKV,2023,1,15.0,2.16
24,CHIKV,2023,2,68.0,9.78
24,CHIKV,2023,3,82.0,11.79
24,CHIKV,2023,4,31.0,4.46
24,CHIKV,2023,5,29.0,4.17
24,CHIKV,2023,6,34.0,4.89
24,CHIKV,2023,7,35.0,5.03
24,CHIKV,2023,8,101.0,14.53
24,CHIKV,2023,9,27.0,3.88
24,CHIKV,2023,10,25.0,3.6
24,CHIKV,2023,11,24.0,3.45
24,CHIKV,2023,12,32.0,4.6
24,CHIKV,2024,1,42.0,5.86
24,CHIKV,2024,2,106.0,14.79
24,CHIKV,2024,3,89.0,12.42
24,CHIKV,2024,4,50.0,6.98
24,CHIKV,2024,5,127.0,17.72
24,CHIKV,2024,6,54.0,7.53
24,CHIKV,2024,7,20.0,2.79
24,CHIKV,2024,8,43.0,6.0
24,CHIKV,2024,9,110.0,15.35
24,CHIKV,2024,10,36.0,5.02
24,CHIKV,2024,11,33.0,4.6
24,CHIKV,2024,12,28.0,3.91
24,CHIKV,2025,1,18.0,2.44
24,CHIKV,2025,2,28.0,3.79
24,CHIKV,2025,3,15.0,2.03
24,CHIKV,2025,4,17.0,2.3
24,CHIKV,2025,5,30.0,4.06
24,CHIKV,2025,6,85.0,11.51
24,CHIKV,2025,7,27.0,3.65
24,CHIKV,2025,8,17.0,2.3
24,CHIKV,2025,9,21.0,2.84
24,CHIKV,2025,10,17.0,2.3
24,CHIKV,2025,11,15.0,2.03
24,CHIKV,2025,12,22.0,2.98
25,CHIKV,2017,1,99.0,2.5
25,CHIKV,2017,2,121.0,3.05
25,CHIKV,2017,3,131.0,3.3
25,CHIKV,2017,4,84.0,2.12
25,CHIKV,2017,5,46.0,1.16
25,CHIKV,2017,6,35.0,0.88
25,CHIKV,2017,7,19.0,0.48
25,CHIKV,2017,8,19.0,0.48
25,CHIKV,2017,9,13.0,0.33
25,CHIKV,2017,10,12.0,0.3
25,CHIKV,2017,11,13.0,0.33
25,CHIKV,2017,12,9.0,0.23
25,CHIKV,2018,1,18.0,0.45
25,CHIKV,2018,2,20.0,0.5
25,CHIKV,2018,3,31.0,0.77
25,CHIKV,2018,4,27.0,0.67
25,CHIKV,2018,5,17.0,0.42
25,CHIKV,2018,6,17.0,0.42
25,CHIKV,2018,7,12.0,0.3
25,CHIKV,2018,8,24.0,0.6
25,CHIKV,2018,9,16.0,0.4
25,CHIKV,2018,10,9.0,0.22
25,CHIKV,2018,11,9.0,0.22
25,CHIKV,2018,12,5.0,0.12
25,CHIKV,2019,1,14.0,0.34
25,CHIKV,2019,2,24.0,0.59
25,CHIKV,2019,3,16.0,0.39
25,CHIKV,2019,4,23.0,0.56
25,CHIKV,2019,5,34.0,0.83
25,CHIKV,2019,6,31.0,0.76
25,CHIKV,2019,7,26.0,0.64
25,CHIKV,2019,8,13.0,0.32
25,CHIKV,2019,9,8.0,0.2
25,CHIKV,2019,10,4.0,0.1
25,CHIKV,2019,11,3.0,0.07
25,CHIKV,2019,12,10.0,0.25
25,CHIKV,2020,1,21.0,0.51
25,CHIKV,2020,2,17.0,0.41
25,CHIKV,2020,3,10.0,0.24
25,CHIKV,2020,4,4.0,0.1
25,CHIKV,2020,5,8.0,0.19
25,CHIKV,2020,6,8.0,0.19
25,CHIKV,2020,7,12.0,0.29
25,CHIKV,2020,8,8.0,0.19
25,CHIKV,2020,9,5.0,0.12
25,CHIKV,2020,10,7.0,0.17
25,CHIKV,2020,11,8.0,0.19
25,CHIKV,2020,12,13.0,0.32
25,CHIKV,2021,1,14.0,0.34
25,CHIKV,2021,2,7.0,0.17
25,CHIKV,2021,3,24.0,0.58
25,CHIKV,2021,4,33.0,0.79
25,CHIKV,2021,5,38.0,0.91
25,CHIKV,2021,6,42.0,1.01
25,CHIKV,2021,7,56.0,1.35
25,CHIKV,2021,8,45.0,1.08
25,CHIKV,2021,9,47.0,1.13
25,CHIKV,2021,10,31.0,0.75
25,CHIKV,2021,11,13.0,0.31
25,CHIKV,2021,12,20.0,0.48
25,CHIKV,2022,1,16.0,0.38
25,CHIKV,2022,2,33.0,0.79
25,CHIKV,2022,3,41.0,0.98
25,CHIKV,2022,4,65.0,1.55
25,CHIKV,2022,5,104.0,2.48
25,CHIKV,2022,6,56.0,1.33
25,CHIKV,2022,7,43.0,1.02
25,CHIKV,2022,8,29.0,0.69
25,CHIKV,2022,9,21.0,0.5
25,CHIKV,2022,10,16.0,0.38
25,CHIKV,2022,11,21.0,0.5
25,CHIKV,2022,12,26.0,0.62
25,CHIKV,2023,1,39.0,0.92
25,CHIKV,2023,2,40.0,0.94
25,CHIKV,2023,3,48.0,1.13
25,CHIKV,2023,4,109.0,2.57
25,CHIKV,2023,5,48.0,1.13
25,CHIKV,2023,6,52.0,1.23
25,CHIKV,2023,7,49.0,1.16
25,CHIKV,2023,8,65.0,1.53
25,CHIKV,2023,9,38.0,0.9
25,CHIKV,2023,10,15.0,0.35
25,CHIKV,2023,11,32.0,0.75
25,CHIKV,2023,12,47.0,1.11
25,CHIKV,2024,1,49.0,1.14
25,CHIKV,2024,2,72.0,1.68
25,CHIKV,2024,3,27.0,0.63
25,CHIKV,2024,4,88.0,2.06
25,CHIKV,2024,5,27.0,0.63
25,CHIKV,2024,6,12.0,0.28
25,CHIKV,2024,7,31.0,0.72
25,CHIKV,2024,8,27.0,0.63
25,CHIKV,2024,9,45.0,1.05
25,CHIKV,2024,10,39.0,0.91
25,CHIKV,2024,11,40.0,0.93
25,CHIKV,2024,12,25.0,0.58
25,CHIKV,2025,1,54.0,1.25
25,CHIKV,2025,2,75.0,1.74
25,CHIKV,2025,3,49.0,1.13
25,CHIKV,2025,4,39.0,0.9
25,CHIKV,2025,5,41.0,0.95
25,CHIKV,2025,6,37.0,0.86
25,CHIKV,2025,7,26.0,0.6
25,CHIKV,2025,8,42.0,0.97
25,CHIKV,2025,9,33.0,0.76
25,CHIKV,2025,10,40.0,0.93
25,CHIKV,2025,11,22.0,0.51
25,CHIKV,2025,12,30.0,0.69
26,CHIKV,2017,1,62.0,7.34
26,CHIKV,2017,2,42.0,4.97
26,CHIKV,2017,3,42.0,4.97
26,CHIKV,2017,4,23.0,2.72
26,CHIKV,2017,5,33.0,3.91
26,CHIKV,2017,6,48.0,5.68
26,CHIKV,2017,7,21.0,2.49
26,CHIKV,2017,8,19.0,2.25
26,CHIKV,2017,9,5.0,0.59
26,CHIKV,2017,10,18.0,2.13
26,CHIKV,2017,11,18.0,2.13
26,CHIKV,2017,12,32.0,3.79
26,CHIKV,2018,1,53.0,6.22
26,CHIKV,2018,2,56.0,6.58
26,CHIKV,2018,3,41.0,4.82
26,CHIKV,2018,4,27.0,3.17
26,CHIKV,2018,5,31.0,3.64
26,CHIKV,2018,6,37.0,4.35
26,CHIKV,2018,7,41.0,4.82
26,CHIKV,2018,8,60.0,7.05
26,CHIKV,2018,9,53.0,6.22
26,CHIKV,2018,10,113.0,13.27
26,CHIKV,2018,11,84.0,9.86
26,CHIKV,2018,12,44.0,5.17
26,CHIKV,2019,1,59.0,6.88
26,CHIKV,2019,2,31.0,3.61
26,CHIKV,2019,3,15.0,1.75
26,CHIKV,2019,4,3.0,0.35
26,CHIKV,2019,5,3.0,0.35
26,CHIKV,2019,6,4.0,0.47
26,CHIKV,2019,7,9.0,1.05
26,CHIKV,2019,8,1.0,0.12
26,CHIKV,2019,9,3.0,0.35
26,CHIKV,2019,10,5.0,0.58
26,CHIKV,2019,11,6.0,0.7
26,CHIKV,2019,12,12.0,1.4
26,CHIKV,2020,1,20.0,2.32
26,CHIKV,2020,2,31.0,3.59
26,CHIKV,2020,3,15.0,1.74
26,CHIKV,2020,4,8.0,0.93
26,CHIKV,2020,5,32.0,3.71
26,CHIKV,2020,6,44.0,5.09
26,CHIKV,2020,7,39.0,4.52
26,CHIKV,2020,8,12.0,1.39
26,CHIKV,2020,9,14.0,1.62
26,CHIKV,2020,10,16.0,1.85
26,CHIKV,2020,11,17.0,1.97
26,CHIKV,2020,12,22.0,2.55
26,CHIKV,2021,1,110.0,12.67
26,CHIKV,2021,2,59.0,6.79
26,CHIKV,2021,3,117.0,13.47
26,CHIKV,2021,4,57.0,6.56
26,CHIKV,2021,5,62.0,7.14
26,CHIKV,2021,6,41.0,4.72
26,CHIKV,2021,7,30.0,3.45
26,CHIKV,2021,8,27.0,3.11
26,CHIKV,2021,9,27.0,3.11
26,CHIKV,2021,10,36.0,4.15
26,CHIKV,2021,11,44.0,5.07
26,CHIKV,2021,12,56.0,6.45
26,CHIKV,2022,1,41.0,4.7
26,CHIKV,2022,2,22.0,2.52
26,CHIKV,2022,3,22.0,2.52
26,CHIKV,2022,4,11.0,1.26
26,CHIKV,2022,5,18.0,2.06
26,CHIKV,2022,6,10.0,1.15
26,CHIKV,2022,7,13.0,1.49
26,CHIKV,2022,8,14.0,1.6
26,CHIKV,2022,9,9.0,1.03
26,CHIKV,2022,10,11.0,1.26
26,CHIKV,2022,11,18.0,2.06
26,CHIKV,2022,12,14.0,1.6
26,CHIKV,2023,1,3.0,0.34
26,CHIKV,2023,2,15.0,1.71
26,CHIKV,2023,3,68.0,7.76
26,CHIKV,2023,4,60.0,6.84
26,CHIKV,2023,5,34.0,3.88
26,CHIKV,2023,6,10.0,1.14
26,CHIKV,2023,7,9.0,1.03
26,CHIKV,2023,8,10.0,1.14
26,CHIKV,2023,9,4.0,0.46
26,CHIKV,2023,10,5.0,0.57
26,CHIKV,2023,11,23.0,2.62
26,CHIKV,2023,12,63.0,7.19
26,CHIKV,2024,1,115.0,13.06
26,CHIKV,2024,2,58.0,6.59
26,CHIKV,2024,3,82.0,9.31
26,CHIKV,2024,4,81.0,9.2
26,CHIKV,2024,5,59.0,6.7
26,CHIKV,2024,6,82.0,9.31
26,CHIKV,2024,7,69.0,7.84
26,CHIKV,2024,8,76.0,8.63
26,CHIKV,2024,9,29.0,3.29
26,CHIKV,2024,10,59.0,6.7
26,CHIKV,2024,11,27.0,3.07
26,CHIKV,2024,12,111.0,12.6
26,CHIKV,2025,1,189.0,21.37
26,CHIKV,2025,2,509.0,57.55
26,CHIKV,2025,3,319.0,36.07
26,CHIKV,2025,4,52.0,5.88
26,CHIKV,2025,5,44.0,4.98
26,CHIKV,2025,6,57.0,6.45
26,CHIKV,2025,7,43.0,4.86
26,CHIKV,2025,8,27.0,3.05
26,CHIKV,2025,9,32.0,3.62
26,CHIKV,2025,10,46.0,5.2
26,CHIKV,2025,11,32.0,3.62
26,CHIKV,2025,12,37.0,4.18
27,CHIKV,2017,1,155.0,9.16
27,CHIKV,2017,2,180.0,10.64
27,CHIKV,2017,3,167.0,9.87
27,CHIKV,2017,4,68.0,4.02
27,CHIKV,2017,5,62.0,3.67
27,CHIKV,2017,6,35.0,2.07
27,CHIKV,2017,7,28.0,1.66
27,CHIKV,2017,8,43.0,2.54
27,CHIKV,2017,9,25.0,1.48
27,CHIKV,2017,10,28.0,1.66
27,CHIKV,2017,11,34.0,2.01
27,CHIKV,2017,12,38.0,2.25
27,CHIKV,2018,1,71.0,4.17
27,CHIKV,2018,2,57.0,3.35
27,CHIKV,2018,3,44.0,2.59
27,CHIKV,2018,4,82.0,4.82
27,CHIKV,2018,5,49.0,2.88
27,CHIKV,2018,6,28.0,1.65
27,CHIKV,2018,7,25.0,1.47
27,CHIKV,2018,8,25.0,1.47
27,CHIKV,2018,9,12.0,0.71
27,CHIKV,2018,10,17.0,1.0
27,CHIKV,2018,11,28.0,1.65
27,CHIKV,2018,12,26.0,1.53
27,CHIKV,2019,1,35.0,2.04
27,CHIKV,2019,2,30.0,1.75
27,CHIKV,2019,3,42.0,2.45
27,CHIKV,2019,4,75.0,4.38
27,CHIKV,2019,5,77.0,4.5
27,CHIKV,2019,6,31.0,1.81
27,CHIKV,2019,7,44.0,2.57
27,CHIKV,2019,8,54.0,3.15
27,CHIKV,2019,9,39.0,2.28
27,CHIKV,2019,10,44.0,2.57
27,CHIKV,2019,11,35.0,2.04
27,CHIKV,2019,12,70.0,4.09
27,CHIKV,2020,1,131.0,7.6
27,CHIKV,2020,2,185.0,10.74
27,CHIKV,2020,3,202.0,11.73
27,CHIKV,2020,4,167.0,9.69
27,CHIKV,2020,5,75.0,4.35
27,CHIKV,2020,6,50.0,2.9
27,CHIKV,2020,7,29.0,1.68
27,CHIKV,2020,8,30.0,1.74
27,CHIKV,2020,9,30.0,1.74
27,CHIKV,2020,10,19.0,1.1
27,CHIKV,2020,11,49.0,2.84
27,CHIKV,2020,12,73.0,4.24
27,CHIKV,2021,1,50.0,2.89
27,CHIKV,2021,2,71.0,4.1
27,CHIKV,2021,3,105.0,6.07
27,CHIKV,2021,4,45.0,2.6
27,CHIKV,2021,5,25.0,1.45
27,CHIKV,2021,6,28.0,1.62
27,CHIKV,2021,7,14.0,0.81
27,CHIKV,2021,8,22.0,1.27
27,CHIKV,2021,9,13.0,0.75
27,CHIKV,2021,10,11.0,0.64
27,CHIKV,2021,11,21.0,1.21
27,CHIKV,2021,12,28.0,1.62
27,CHIKV,2022,1,75.0,4.32
27,CHIKV,2022,2,25.0,1.44
27,CHIKV,2022,3,76.0,4.38
27,CHIKV,2022,4,81.0,4.67
27,CHIKV,2022,5,78.0,4.5
27,CHIKV,2022,6,34.0,1.96
27,CHIKV,2022,7,35.0,2.02
27,CHIKV,2022,8,32.0,1.84
27,CHIKV,2022,9,13.0,0.75
27,CHIKV,2022,10,14.0,0.81
27,CHIKV,2022,11,26.0,1.5
27,CHIKV,2022,12,28.0,1.61
27,CHIKV,2023,1,39.0,2.24
27,CHIKV,2023,2,60.0,3.45
27,CHIKV,2023,3,153.0,8.79
27,CHIKV,2023,4,153.0,8.79
27,CHIKV,2023,5,154.0,8.85
27,CHIKV,2023,6,69.0,3.96
27,CHIKV,2023,7,68.0,3.91
27,CHIKV,2023,8,58.0,3.33
27,CHIKV,2023,9,55.0,3.16
27,CHIKV,2023,10,59.0,3.39
27,CHIKV,2023,11,41.0,2.36
27,CHIKV,2023,12,75.0,4.31
27,CHIKV,2024,1,505.0,28.92
27,CHIKV,2024,2,493.0,28.23
27,CHIKV,2024,3,505.0,28.92
27,CHIKV,2024,4,221.0,12.66
27,CHIKV,2024,5,94.0,5.38
27,CHIKV,2024,6,54.0,3.09
27,CHIKV,2024,7,49.0,2.81
27,CHIKV,2024,8,47.0,2.69
27,CHIKV,2024,9,41.0,2.35
27,CHIKV,2024,10,58.0,3.32
27,CHIKV,2024,11,67.0,3.84
27,CHIKV,2024,12,107.0,6.13
27,CHIKV,2025,1,375.0,21.4
27,CHIKV,2025,2,660.0,37.67
27,CHIKV,2025,3,2122.0,121.12
27,CHIKV,2025,4,2326.0,132.77
27,CHIKV,2025,5,2257.0,128.83
27,CHIKV,2025,6,1106.0,63.13
27,CHIKV,2025,7,652.0,37.22
27,CHIKV,2025,8,290.0,16.55
27,CHIKV,2025,9,167.0,9.53
27,CHIKV,2025,10,161.0,9.19
27,CHIKV,2025,11,139.0,7.93
27,CHIKV,2025,12,107.0,6.11
